987 793 755 986 1051 942 892 1017 811 927 1035 985 741 1010 961 873 1022 936 1053 1067 901 894 993 849 896 1052 1037 825 902 1005 923 1087 853 1044 944 1000 1012 880 845 932 1083 939 841 826 985 930 759 1028 1038 905 784 1049 853 905 986 938 978 844 883 866 861 985 833 783
1180 1320 942 1285 1329 1083 1198 1238 1122 1070 1265 1232 1245 1236 1287 1166 1353 1232 1427 1549 1199 1255 1236 1207 1241 1218 1375 1121 1180 1185 1082 1321 1237 1138 1244 1211 1371 1237 1247 1061 1311 1241 1173 1215 1352 1237 1255 1430 1384 1037 1066 1341 1140 1190 1160 1266 1223 1199 1201 1154 1251 1326 1278 1160
1388 1298 1039 1365 1373 1233 1235 1573 1117 1309 1401 1312 1308 1377 1441 1217 1408 1190 1423 1536 1374 1241 1383 1295 1238 1321 1502 1110 1224 1418 1274 1629 1243 1287 1361 1392 1489 1324 1318 1170 1470 1334 1256 1374 1488 1201 1093 1337 1443 1182 1190 1510 1394 1299 1259 1364 1302 1285 1307 1179 1347 1299 1165 1197
1115 1129 943 1271 1317 1047 1292 1531 1247 1158 1356 1307 1192 1413 1183 1235 1359 1202 1392 1618 1231 1072 1402 1293 1097 1269 1328 1077 1211 1302 1179 1402 1314 1133 1250 1259 1310 1331 1291 1107 1285 1206 1341 1275 1423 1205 1234 1301 1357 1053 1071 1379 1058 1180 1161 1367 1327 1326 1192 1183 1235 1279 1073 1144
1340 1231 1062 1477 1391 1214 1335 1554 1347 1278 1549 1333 1169 1337 1514 1393 1479 1294 1503 1633 1304 1327 1454 1402 1326 1469 1447 1236 1320 1447 1266 1501 1421 1417 1352 1434 1590 1459 1374 1322 1557 1344 1438 1388 1464 1409 1267 1483 1555 1149 1250 1516 1344 1311 1362 1274 1475 1312 1361 1307 1298 1420 1237 1261
1278 1195 1041 1323 1265 1172 1175 1499 1261 1284 1507 1414 1104 1235 1256 1237 1383 1193 1442 1518 1248 1042 1478 1308 1243 1407 1433 1173 1179 1400 1128 1326 1209 1147 1198 1425 1537 1205 1214 1148 1399 1257 1240 1280 1206 1310 1126 1324 1261 1091 1147 1544 1196 1313 1215 1122 1382 1292 1206 1288 1321 1354 1227 1213
1263 1258 1099 1474 1409 1262 1259 1487 1200 1394 1550 1325 1261 1443 1277 1343 1530 1433 1520 1674 1371 1271 1447 1475 1452 1385 1432 1123 1325 1391 1345 1407 1278 1348 1350 1398 1413 1372 1293 1182 1628 1379 1439 1336 1415 1394 1178 1531 1620 1309 1242 1527 1305 1352 1391 1380 1392 1352 1217 1266 1290 1564 1332 1323
1328 1151 988 1341 1389 1200 1201 1381 1299 1281 1357 1313 1200 1258 1333 1263 1388 1352 1489 1604 1239 1217 1394 1264 1231 1335 1317 1115 1295 1289 1131 1539 1291 1312 1243 1358 1427 1454 1114 1200 1512 1275 1232 1428 1342 1260 1261 1370 1405 1072 1035 1512 1262 1284 1283 1301 1337 1329 1286 1201 1274 1359 1180 1140
1167 1290 1134 1422 1409 1194 1322 1558 1291 1218 1431 1269 1248 1442 1314 1251 1468 1219 1483 1583 1331 1198 1418 1488 1209 1412 1458 1234 1290 1406 1177 1585 1337 1254 1315 1362 1488 1456 1419 1273 1441 1454 1389 1389 1310 1284 1195 1408 1478 1259 1167 1335 1256 1351 1326 1306 1313 1292 1329 1168 1377 1378 1168 1260
1105 1083 983 1329 1145 1075 1143 1245 1213 1181 1402 1082 1074 1112 1192 1145 1197 1150 1258 1367 1145 1036 1208 1295 1191 1358 1286 1123 1149 1181 1048 1257 1216 1061 1201 1172 1219 1150 1248 1053 1224 1090 1295 1214 1164 1187 1159 1322 1281 1062 1059 1411 1079 1052 1109 1175 1092 1055 1104 1136 1159 1269 1169 1099
1236 1288 1125 1485 1475 1280 1392 1456 1393 1276 1493 1408 1318 1392 1379 1433 1401 1396 1537 1618 1420 1240 1455 1488 1371 1449 1454 1272 1426 1336 1182 1502 1483 1283 1367 1339 1406 1406 1293 1294 1538 1293 1411 1364 1483 1492 1279 1468 1511 1452 1080 1522 1104 1427 1429 1384 1311 1243 1280 1198 1321 1343 1239 1333
1449 1344 953 1428 1346 1233 1221 1417 1158 1346 1398 1318 1189 1326 1300 1241 1411 1285 1457 1605 1362 1266 1351 1274 1244 1381 1517 1261 1296 1322 1231 1437 1257 1297 1314 1236 1439 1260 1195 1220 1354 1222 1346 1253 1335 1225 1102 1525 1309 1169 1093 1393 1188 1287 1196 1287 1358 1351 1242 1205 1285 1332 1227 1134
1260 1324 1091 1457 1360 1187 1344 1418 1288 1374 1364 1325 1241 1355 1461 1285 1409 1263 1442 1551 1324 1162 1508 1393 1310 1375 1420 1201 1313 1461 1135 1447 1297 1296 1364 1369 1545 1361 1258 1224 1523 1318 1301 1361 1428 1380 1272 1460 1495 1299 1215 1553 1200 1340 1370 1222 1514 1302 1140 1302 1308 1382 1304 1265
1344 1420 1184 1588 1515 1363 1460 1652 1365 1382 1566 1480 1263 1449 1460 1413 1600 1408 1526 1721 1337 1326 1548 1492 1404 1617 1609 1352 1446 1452 1407 1529 1369 1545 1486 1448 1660 1402 1442 1424 1552 1444 1411 1422 1486 1376 1350 1668 1516 1367 1176 1604 1339 1362 1391 1357 1563 1360 1363 1339 1324 1542 1412 1358
1227 1326 1050 1640 1398 1289 1286 1375 1369 1490 1555 1331 1211 1385 1328 1274 1405 1292 1348 1534 1327 1231 1337 1546 1270 1464 1588 1190 1326 1377 1227 1636 1262 1278 1336 1264 1576 1359 1289 1190 1494 1275 1488 1362 1504 1497 1268 1542 1390 1397 1250 1565 1278 1348 1376 1280 1422 1185 1287 1217 1317 1365 1281 1258
1262 1212 965 1365 1217 1051 1252 1423 1150 1092 1352 1248 1175 1172 1187 1232 1330 1172 1317 1530 1317 1148 1328 1192 1170 1486 1314 1073 1236 1332 1095 1304 1246 1167 1334 1241 1365 1197 1248 1066 1220 1141 1234 1208 1391 1245 1024 1374 1308 1076 1092 1386 1167 1047 1154 1252 1219 1175 1213 1064 1218 1378 1054 1144
1236 1385 1085 1454 1483 1239 1389 1482 1320 1284 1366 1361 1210 1361 1392 1258 1490 1353 1379 1516 1355 1213 1359 1255 1405 1413 1597 1093 1216 1438 1166 1541 1230 1258 1261 1452 1357 1202 1249 1218 1502 1350 1290 1338 1490 1318 1292 1441 1397 1229 1066 1468 1177 1266 1346 1384 1364 1294 1311 1215 1287 1371 1179 1244
1327 1401 1202 1601 1445 1470 1351 1675 1439 1488 1657 1489 1214 1582 1476 1411 1559 1383 1562 1724 1467 1426 1531 1538 1427 1540 1704 1248 1434 1554 1415 1779 1432 1409 1461 1479 1660 1501 1493 1373 1670 1560 1621 1581 1487 1407 1226 1502 1498 1247 1238 1589 1367 1400 1421 1436 1416 1461 1392 1370 1499 1479 1360 1390
1359 1257 1129 1451 1450 1309 1216 1356 1310 1303 1415 1366 1022 1257 1445 1216 1289 1408 1271 1521 1345 1239 1436 1122 1340 1460 1477 1060 1278 1421 1245 1444 1140 1231 1276 1341 1547 1249 1176 1076 1364 1286 1308 1385 1407 1320 1161 1379 1267 1194 1024 1554 1288 1215 1388 1247 1410 1222 1208 1128 1258 1323 1201 1218
1446 1131 1058 1409 1449 1269 1190 1343 1358 1316 1334 1245 1084 1290 1391 1305 1393 1265 1446 1491 1192 1315 1323 1401 1242 1249 1429 1128 1334 1326 1206 1461 1280 1276 1224 1306 1358 1218 1192 1182 1417 1222 1242 1363 1426 1316 1215 1428 1447 1077 878 1413 1161 1273 1276 1275 1339 1216 1207 1182 1299 1276 1236 1185
1279 1210 1039 1327 1275 1192 1267 1371 1159 1307 1355 1223 1263 1325 1264 1169 1347 1343 1362 1448 1352 1203 1334 1264 1267 1332 1466 1069 1262 1378 1102 1537 1247 1272 1405 1359 1454 1388 1186 1117 1506 1133 1114 1260 1385 1148 1205 1367 1423 1169 1177 1527 1342 1182 1274 1301 1238 1215 1241 1164 1264 1403 1184 1206
1128 1214 940 1273 1231 1166 1165 1318 1269 1199 1317 1299 1224 1200 1151 1251 1362 1163 1366 1464 1217 1082 1344 1268 1239 1431 1440 1043 1164 1283 1075 1428 1221 1138 1185 1372 1289 1167 1247 1056 1227 1210 1210 1238 1374 1403 1130 1284 1297 1076 1104 1539 1158 1213 1320 1269 1241 1153 1140 1131 1214 1275 1166 1131
1320 1252 1062 1367 1360 1204 1155 1392 1110 1236 1378 1211 1109 1345 1290 1154 1292 1282 1266 1475 1243 1293 1309 1241 1155 1380 1440 1045 1226 1237 1103 1527 1129 1093 1315 1317 1495 1239 1178 1091 1482 1078 1223 1174 1397 1316 1148 1355 1417 1322 1086 1411 1243 1294 1294 1143 1398 1046 1271 1075 1194 1245 1197 1154
1326 1296 1043 1419 1386 1245 1299 1442 1317 1371 1439 1313 1190 1415 1286 1284 1442 1308 1459 1527 1382 1136 1410 1283 1397 1340 1516 1154 1310 1367 1213 1504 1267 1274 1248 1431 1394 1205 1132 1164 1444 1332 1330 1367 1377 1352 1211 1357 1294 1268 1155 1459 1164 1276 1346 1358 1283 1264 1305 1220 1156 1395 1175 1206
1266 1196 1094 1395 1317 1181 1294 1451 1131 1063 1335 1180 1189 1330 1316 1198 1352 1246 1380 1561 1309 1130 1289 1266 1329 1361 1437 1153 1315 1380 1101 1528 1210 1159 1271 1307 1490 1248 1246 1155 1436 1218 1197 1237 1267 1151 1119 1369 1285 983 1105 1311 1221 1245 1246 1429 1150 1198 1169 1216 1372 1304 1106 1134
1189 1153 982 1368 1374 1156 1311 1561 1193 1228 1434 1360 1195 1224 1305 1310 1409 1187 1398 1572 1366 1078 1399 1279 1220 1438 1456 1118 1275 1321 1149 1420 1346 1315 1436 1292 1537 1328 1273 1186 1431 1208 1248 1384 1346 1210 1153 1288 1278 1151 1138 1531 1250 1256 1300 1256 1272 1322 1210 1152 1333 1246 1184 1217
1204 1262 1023 1259 1376 1114 1218 1463 1147 1101 1402 1218 1246 1282 1399 1211 1348 1243 1332 1495 1230 1140 1293 1254 1239 1388 1418 1184 1170 1322 1147 1567 1137 1211 1333 1364 1358 1233 1232 1092 1309 1292 1148 1269 1293 1192 1138 1335 1401 1108 1062 1321 1178 1280 1241 1239 1250 1233 1265 1114 1190 1333 1203 1191
1170 1377 1054 1396 1357 986 1280 1354 1231 1208 1439 1180 1168 1231 1251 1148 1391 1273 1308 1523 1236 1079 1415 1304 1202 1416 1462 1155 1181 1345 1131 1544 1050 1134 1280 1378 1372 1347 1264 1058 1331 1180 1317 1209 1459 1224 1234 1368 1356 1307 1198 1320 1241 1222 1211 1226 1391 1195 1329 1022 1236 1306 1069 1160
1324 1229 1047 1388 1343 1243 1182 1419 1135 1111 1347 1271 1281 1293 1407 1278 1273 1319 1422 1654 1408 1186 1410 1193 1341 1445 1353 1077 1372 1358 1140 1428 1303 1248 1298 1219 1499 1254 1224 1052 1391 1268 1199 1198 1325 1269 1144 1460 1278 1143 1182 1405 1202 1249 1323 1407 1288 1313 1195 1249 1286 1354 1279 1146
1174 1195 1113 1308 1294 1291 1282 1474 1217 1295 1445 1380 1266 1402 1283 1283 1365 1203 1428 1455 1331 1176 1428 1340 1164 1373 1512 1134 1187 1394 1100 1626 1259 1216 1254 1341 1498 1343 1299 1190 1453 1323 1231 1278 1260 1283 1221 1441 1358 1275 1227 1522 1301 1258 1337 1186 1343 1347 1244 1269 1354 1243 1269 1307
1087 1146 998 1246 1299 1159 1212 1450 1140 1195 1347 1257 1174 1330 1176 1267 1315 1323 1275 1399 1336 1068 1309 1087 1296 1251 1443 995 1153 1260 1077 1460 1196 1208 1297 1352 1302 1316 1262 1048 1491 1226 1155 1104 1200 1111 1073 1319 1280 1161 1118 1405 1152 1165 1204 1258 1219 1324 1166 1140 1145 1313 1094 1125
1299 1372 1116 1353 1364 1201 1319 1537 1217 1221 1506 1427 1294 1475 1350 1216 1437 1285 1314 1636 1359 1232 1444 1326 1317 1413 1473 1033 1258 1412 1288 1598 1227 1203 1351 1371 1427 1408 1397 1134 1430 1357 1255 1289 1416 1367 1051 1475 1500 1264 1178 1399 1292 1341 1315 1292 1389 1423 1260 1256 1304 1366 1167 1226
1438 1279 1048 1369 1460 1151 1311 1577 1180 1300 1441 1334 1307 1244 1368 1268 1495 1252 1489 1563 1443 1233 1496 1305 1329 1367 1481 1208 1246 1409 1274 1541 1350 1293 1259 1529 1534 1365 1171 1020 1508 1233 1257 1464 1542 1308 1138 1373 1438 1091 1102 1604 1267 1384 1335 1377 1419 1298 1324 1246 1277 1348 1259 1346
1041 1067 942 1194 1180 1010 1069 1111 992 989 1240 1232 1037 1045 1108 1004 1197 1072 1261 1342 1101 1134 1221 1108 1062 1269 1271 1014 1121 1124 1020 1288 996 1094 1213 1238 1296 1167 1044 1090 1283 1010 1011 1015 1249 1069 1024 1261 1294 1078 973 1302 1074 1088 1178 1141 1233 844 1165 957 1131 1221 1008 1149
1427 1556 1190 1623 1510 1421 1433 1704 1414 1484 1659 1441 1453 1451 1502 1317 1521 1457 1554 1759 1520 1361 1564 1516 1408 1595 1698 1195 1360 1662 1374 1742 1429 1380 1516 1612 1628 1538 1506 1247 1634 1448 1537 1474 1549 1398 1410 1591 1642 1242 1298 1690 1499 1379 1417 1578 1553 1546 1407 1457 1505 1484 1365 1385
1220 1301 1130 1414 1304 1196 1233 1388 1173 1296 1408 1245 1304 1394 1210 1167 1419 1308 1462 1574 1336 1210 1447 1334 1332 1337 1465 1094 1292 1391 1217 1623 1231 1198 1357 1452 1436 1410 1259 1082 1471 1334 1324 1284 1375 1275 1102 1315 1438 1254 1304 1402 1192 1301 1367 1317 1290 1294 1289 1191 1238 1399 1234 1228
1277 1221 1008 1217 1272 1036 1088 1268 1064 1064 1256 1260 1133 1198 1264 1067 1261 1272 1268 1470 1273 1183 1346 1004 1215 1216 1222 1085 1120 1284 1141 1382 1061 1072 1167 1294 1419 1173 1034 1011 1317 1181 1084 1216 1345 1116 1001 1264 1245 1112 981 1344 1175 1213 1178 1134 1212 1121 1130 1090 1205 1181 1166 1116
1225 1227 1027 1419 1331 1154 1328 1348 1222 1340 1268 1363 1036 1370 1252 1217 1265 1173 1437 1498 1286 1156 1247 1340 1274 1274 1470 1140 1427 1309 1141 1331 1098 1215 1173 1318 1460 1258 1157 1093 1355 1194 1280 1332 1210 1192 1059 1302 1239 1247 1077 1331 1049 1309 1120 1151 1255 1172 1245 1093 1160 1331 1140 1185
1126 1139 1059 1262 1344 1155 1226 1342 1104 1146 1317 1239 1104 1259 1333 1148 1230 1255 1203 1382 1247 1021 1292 1236 1214 1127 1411 1006 1248 1263 1155 1284 1212 1184 1203 1220 1305 1124 1107 1024 1269 1195 1148 1244 1239 1180 1184 1225 1258 1081 968 1348 1039 1279 1170 1239 1225 1169 1163 1158 1218 1235 1061 1191
1208 1284 1079 1281 1427 1241 1255 1357 1193 1214 1500 1365 1283 1281 1226 1175 1428 1241 1382 1515 1293 1213 1424 1342 1291 1394 1434 1025 1227 1430 1292 1494 1255 1198 1375 1435 1394 1354 1266 1131 1393 1369 1266 1361 1335 1219 1015 1395 1497 1161 1065 1529 1272 1227 1382 1342 1309 1386 1184 1281 1325 1324 1278 1279
1469 1339 1166 1531 1435 1346 1355 1573 1287 1321 1532 1267 1305 1503 1424 1229 1465 1450 1529 1663 1529 1283 1445 1446 1441 1519 1532 1237 1268 1440 1309 1614 1297 1278 1395 1480 1466 1280 1331 1367 1604 1387 1303 1346 1357 1326 1371 1677 1548 1307 1267 1550 1347 1340 1537 1472 1468 1288 1433 1317 1523 1468 1335 1349
1325 1418 1142 1444 1390 1279 1337 1551 1237 1364 1624 1469 1387 1453 1372 1341 1589 1275 1587 1619 1464 1274 1543 1510 1356 1505 1607 1285 1264 1489 1250 1606 1351 1256 1345 1471 1509 1347 1400 1161 1456 1365 1288 1348 1583 1482 1235 1547 1481 1262 1262 1652 1271 1316 1415 1329 1448 1273 1336 1295 1360 1503 1433 1406
1136 1130 994 1381 1243 1116 1222 1305 1124 1178 1495 1323 1070 1255 1220 1282 1320 1291 1243 1493 1344 1047 1232 1278 1238 1376 1407 1116 1193 1376 1145 1263 1287 1073 1246 1211 1249 1170 1190 1104 1310 1181 1288 1183 1187 1277 1002 1352 1295 1274 1138 1406 987 1255 1161 1128 1205 1166 1197 1196 1187 1394 1169 1138
1183 1116 1011 1387 1262 1188 1157 1444 1080 1221 1490 1264 1041 1227 1291 1184 1351 1144 1404 1538 1260 1112 1371 1382 1133 1306 1387 1117 1292 1292 1183 1321 1148 1173 1276 1255 1371 1216 1282 1063 1280 1227 1212 1353 1253 1108 1176 1256 1311 1054 1148 1419 1217 1259 1080 1232 1282 1135 1329 1109 1343 1349 1166 1171
1230 1333 1126 1457 1330 1198 1307 1548 1114 1182 1418 1214 1355 1389 1338 1193 1437 1324 1318 1606 1402 1218 1409 1291 1219 1326 1368 1144 1247 1412 1182 1704 1230 1242 1364 1355 1552 1510 1255 1101 1577 1279 1225 1227 1348 1189 1165 1422 1445 1106 1290 1372 1306 1318 1262 1370 1365 1317 1312 1293 1274 1374 1183 1187
1218 1142 1009 1281 1301 1123 1093 1282 1182 1210 1484 1214 1144 1257 1257 1181 1306 1168 1433 1465 1147 1242 1310 1250 1275 1402 1365 1022 1159 1285 1208 1425 1130 1301 1263 1299 1343 1235 1184 1114 1353 1178 1328 1188 1331 1181 1159 1336 1420 1100 1019 1431 1141 1179 1368 1319 1184 1158 1059 1166 1227 1261 1261 1163
1154 1187 915 1276 1230 1192 1204 1462 1207 1177 1359 1203 1180 1266 1253 1312 1236 1133 1247 1464 1294 1102 1362 1204 1130 1386 1382 1073 1219 1231 1060 1477 1165 1146 1256 1190 1404 1267 1246 917 1202 1198 1185 1286 1127 1220 1091 1311 1137 1094 1175 1352 1234 1164 1203 1089 1242 1339 1206 1155 1217 1207 1257 1150
1243 1170 923 1254 1227 1117 1155 1395 1028 1038 1332 1204 1165 1224 1339 1071 1228 1132 1259 1455 1229 1185 1219 1142 1143 1356 1297 957 1142 1145 1128 1356 1198 1206 1317 1198 1330 1301 1297 1036 1317 1169 1120 1208 1283 1130 1128 1316 1429 1030 1031 1360 1232 1169 1226 1229 1264 1140 1210 1014 1114 1246 1044 1094
1113 1051 988 1230 1343 1129 1132 1340 1000 1022 1312 1151 1043 1300 1289 1126 1255 1078 1315 1378 1216 1130 1172 1141 1167 1091 1263 995 1100 1171 1046 1369 1105 1163 1138 1173 1263 1205 1195 1139 1439 1218 1038 1077 1153 1053 1038 1336 1340 1041 1108 1189 1092 1153 1193 1203 1228 1187 1130 1097 1169 1053 1113 1020
1254 1206 983 1469 1456 1282 1312 1438 1221 1335 1457 1304 1195 1333 1335 1264 1335 1200 1363 1509 1387 1190 1206 1368 1281 1474 1505 1114 1292 1340 1194 1519 1334 1271 1393 1278 1495 1333 1267 1120 1510 1225 1271 1283 1431 1377 1048 1548 1456 1231 1229 1504 1293 1202 1311 1378 1259 1229 1236 1227 1212 1357 1219 1096
1284 1341 1107 1469 1383 1241 1364 1465 1234 1204 1446 1321 1277 1281 1455 1294 1497 1357 1407 1634 1470 1327 1418 1318 1215 1445 1486 1249 1243 1409 1185 1534 1396 1216 1538 1330 1410 1381 1377 1203 1479 1284 1227 1401 1440 1312 1318 1608 1593 1226 1212 1499 1288 1266 1263 1259 1405 1277 1368 1218 1324 1410 1341 1265
1285 1396 1141 1596 1496 1272 1408 1556 1370 1260 1681 1401 1291 1392 1506 1329 1567 1406 1495 1778 1448 1299 1447 1475 1355 1608 1682 1377 1465 1476 1313 1589 1381 1290 1432 1612 1621 1396 1468 1260 1548 1396 1523 1416 1423 1466 1292 1570 1518 1179 1343 1592 1319 1503 1439 1435 1453 1235 1435 1310 1410 1471 1342 1328
1041 1016 904 1259 1208 1078 1148 1265 1105 1162 1353 1210 944 1198 1281 1033 1163 1238 1138 1430 1243 1129 1095 1227 1121 1265 1309 940 1096 1260 1092 1251 1173 995 1199 1145 1206 1109 1174 1118 1331 1116 1194 1277 1265 1167 1064 1289 1327 1153 1021 1378 1003 1219 1214 1066 1235 973 1228 995 1187 1207 1034 1036
1364 1268 1087 1484 1484 1395 1300 1524 1323 1447 1557 1443 1288 1444 1581 1471 1499 1332 1485 1645 1420 1324 1432 1435 1253 1467 1519 1183 1395 1375 1169 1575 1500 1414 1383 1330 1424 1492 1423 1187 1533 1424 1343 1494 1434 1489 1280 1397 1541 1288 1165 1625 1214 1348 1335 1240 1415 1400 1395 1284 1231 1451 1392 1247
1197 1055 1064 1338 1133 1156 1214 1552 1093 1164 1295 1064 1108 1348 1254 1077 1300 1138 1333 1397 1249 1018 1259 1252 1147 1239 1284 1071 1129 1245 1139 1513 1168 1071 1231 1256 1302 1194 1272 1101 1359 1212 1160 1276 1117 1124 1194 1210 1267 1029 1079 1276 1220 1226 1225 1221 1140 1169 1213 1049 1314 1247 1023 1191
1361 1158 1072 1403 1439 1268 1302 1581 1240 1259 1535 1352 1189 1350 1345 1305 1417 1325 1586 1653 1351 1223 1407 1326 1247 1409 1352 1234 1294 1363 1330 1512 1315 1269 1188 1518 1418 1443 1278 1142 1487 1284 1266 1350 1327 1286 1314 1382 1420 1182 1105 1514 1355 1321 1323 1321 1415 1271 1366 1173 1262 1381 1255 1206
1113 1120 998 1343 1336 1057 1149 1509 1156 1178 1341 1175 1079 1363 1119 1131 1323 1149 1358 1546 1105 1000 1380 1282 1058 1231 1274 1221 1088 1294 1195 1283 1102 1105 1095 1267 1376 1239 1227 1115 1258 1300 1339 1267 1254 1209 1065 1225 1251 1125 1019 1327 1084 1271 1182 1294 1320 1180 1108 1092 1243 1253 1094 1138
1175 1388 1057 1461 1261 1221 1268 1409 1165 1286 1412 1333 1141 1263 1328 1227 1407 1227 1329 1591 1332 1232 1448 1334 1300 1371 1416 1105 1289 1348 1133 1435 1116 1320 1389 1132 1584 1350 1205 1206 1378 1244 1305 1402 1371 1318 1117 1377 1399 1189 1193 1351 1132 1341 1261 1143 1332 1227 1258 1146 1285 1300 1114 1266
1238 1193 1095 1367 1439 1344 1168 1409 1211 1255 1410 1252 1287 1349 1356 1232 1229 1214 1492 1401 1227 1163 1324 1409 1185 1254 1487 1185 1319 1306 1080 1526 1366 1244 1199 1354 1437 1275 1294 1175 1445 1309 1280 1186 1310 1388 1275 1310 1340 1203 1031 1525 1192 1294 1368 1318 1266 1202 1194 1212 1299 1304 1161 1239
1289 1325 1197 1578 1480 1384 1448 1660 1311 1332 1596 1372 1411 1422 1269 1345 1604 1412 1563 1749 1402 1228 1554 1537 1426 1556 1605 1295 1400 1506 1216 1636 1455 1228 1474 1487 1467 1362 1550 1271 1515 1381 1428 1422 1561 1462 1357 1567 1575 1275 1382 1667 1269 1275 1351 1582 1406 1393 1408 1327 1413 1575 1309 1353
1428 1284 1187 1545 1391 1218 1400 1551 1473 1381 1607 1305 1190 1457 1446 1383 1512 1374 1540 1734 1489 1242 1583 1512 1381 1587 1505 1210 1399 1554 1375 1716 1387 1305 1467 1441 1598 1492 1420 1246 1488 1392 1523 1476 1466 1413 1297 1518 1445 1189 1401 1537 1408 1332 1536 1374 1421 1365 1345 1242 1522 1389 1261 1264
1291 1295 1010 1484 1371 1298 1325 1321 1283 1302 1426 1317 1082 1322 1435 1271 1272 1256 1485 1539 1385 1276 1268 1361 1495 1359 1534 1194 1338 1336 1111 1445 1217 1257 1155 1206 1480 1239 1220 1289 1514 1285 1344 1417 1327 1290 1161 1507 1375 1324 1121 1377 1228 1344 1302 1292 1241 1199 1270 1210 1453 1292 1170 1227
1260 1098 1096 1288 1191 1312 1122 1435 1195 1298 1257 1170 1072 1212 1246 1235 1272 1184 1372 1335 1266 1084 1346 1364 1217 1297 1285 1068 1317 1269 1220 1402 1283 1199 1212 1272 1228 1220 1219 1016 1323 1194 1146 1316 1234 1205 1040 1167 1279 1026 918 1488 1212 1203 1234 1245 1105 1158 1170 1059 1150 1322 1036 1104
1117 1201 855 1387 1189 1084 1133 1323 1070 1083 1326 1015 1017 1142 1158 1149 1280 1160 1238 1384 1277 1008 1295 1126 1054 1201 1273 1048 1089 1346 1139 1321 1040 1164 1249 1249 1336 1122 1127 1021 1196 1180 1189 1209 1235 1093 1120 1198 1239 1085 1059 1288 1276 1137 1126 1184 1200 1099 1063 1042 1280 1147 1039 1105
