0 0 0 0 0 1 8 2 0 1 9 9 0 0 0 0
0 0 5 0 0 1 0 0 0 0 0 0 1 0 8 6
0 0 0 0 0 4 0 0 2 0 4 1 9 0 0 0
9 6 0 5 0 0 0 0 2 0 0 0 1 5 9 0
0 0 7 0 2 0 0 5 0 0 0 0 3 0 0 0
0 6 0 0 0 3 0 0 0 2 0 0 0 0 0 0
0 0 0 0 0 0 0 0 3 6 0 6 0 5 4 0
0 9 0 9 0 0 9 0 0 0 0 7 0 0 8 0
0 0 6 4 0 0 3 1 0 0 0 4 0 0 0 4
0 4 0 0 7 1 0 0 8 5 0 0 5 0 0 5
0 0 2 0 0 0 6 0 0 0 4 0 0 0 6 0
3 0 9 9 2 8 0 0 0 0 0 0 0 0 3 0
0 0 0 0 7 0 1 0 1 0 0 0 0 0 0 1
4 3 0 0 0 0 6 5 0 3 0 2 0 0 0 0
0 1 0 0 0 0 0 9 1 5 0 0 0 0 4 0
0 0 9 5 0 0 0 0 0 3 9 6 0 9 0 0
