127 195 211 211 273 224 126 269 191 290 179 210 149 173 166 174
266 305 425 321 395 458 140 283 274 374 372 427 301 339 232 251
214 281 352 292 299 372 179 296 295 387 264 301 234 221 207 231
209 339 262 239 335 318 191 350 319 364 262 301 231 266 302 256
244 274 383 272 314 392 167 326 305 401 296 325 290 309 234 223
306 381 396 286 386 428 235 342 366 431 368 401 308 388 318 313
213 265 284 205 333 363 135 278 276 346 252 334 193 227 219 179
240 373 383 300 340 500 225 296 406 428 354 407 298 316 278 249
264 293 382 309 343 424 183 310 325 423 328 359 297 365 232 250
319 310 399 366 365 459 217 341 355 438 346 458 252 316 227 284
240 304 360 254 375 416 210 294 386 418 375 383 235 312 265 254
317 307 433 325 350 474 201 314 331 438 349 396 320 334 215 264
228 323 300 242 284 384 177 277 275 346 242 316 245 224 238 241
117 272 268 234 212 379 138 149 278 263 244 296 203 234 166 125
268 257 282 180 321 319 164 273 237 341 232 292 200 265 228 223
192 238 293 240 326 340 158 252 262 340 258 283 193 256 174 205
