807 566 651 683 751 573 640 599 501 593 774 682 541 724 596 432 594 487 647 508 586 561 722 718 793 567 589 505 660 630 782 605
674 532 588 639 665 594 544 561 452 470 627 577 422 696 502 506 534 547 464 447 572 607 633 603 697 540 494 571 591 555 625 494
644 518 495 727 629 424 549 520 399 574 644 653 427 698 569 452 471 539 583 402 584 501 658 545 612 563 483 564 633 438 696 500
711 582 613 685 664 666 574 648 462 672 761 703 413 766 588 551 629 442 491 438 644 751 622 589 744 641 566 559 625 529 840 516
791 547 768 744 664 621 625 553 506 579 766 717 516 722 580 504 623 524 588 471 609 578 643 679 752 652 576 598 668 588 784 571
816 632 723 777 709 721 576 702 547 691 836 781 535 868 618 560 678 640 630 579 762 730 811 661 878 651 666 684 782 547 902 558
646 547 665 648 729 631 581 478 440 534 686 658 538 711 613 483 503 463 525 390 537 471 614 575 772 556 525 470 645 502 769 505
536 411 511 590 560 470 400 417 328 425 561 432 378 512 437 434 429 420 418 391 471 468 581 488 664 465 383 526 476 347 578 405
823 688 725 734 800 686 646 679 546 670 915 743 514 774 598 570 616 655 649 547 712 667 818 762 917 700 663 693 660 709 878 623
792 587 577 778 745 543 699 517 585 600 634 679 519 800 661 486 581 538 623 421 609 605 667 672 709 555 532 557 712 531 762 622
710 526 670 689 630 643 555 555 512 575 714 696 487 761 579 546 509 583 510 425 638 637 604 630 697 604 606 616 646 558 754 466
594 412 467 653 504 397 411 471 344 512 534 510 423 581 371 443 303 433 562 358 485 480 559 491 523 463 386 478 477 372 670 395
663 586 695 626 653 645 536 572 328 632 691 682 528 690 513 457 544 424 550 460 611 541 596 505 734 575 516 513 658 414 808 492
558 516 566 470 572 541 492 447 371 511 550 575 400 645 521 445 384 428 416 355 530 524 499 536 604 414 490 529 547 486 651 378
777 487 644 675 712 583 549 560 423 624 695 621 463 765 625 515 546 509 581 457 517 560 701 720 745 554 612 519 657 603 782 587
726 472 618 791 672 627 625 545 530 531 605 690 516 794 532 488 564 564 578 454 634 580 703 637 726 655 584 613 754 438 763 589
605 495 557 708 665 549 504 559 482 512 685 607 471 668 479 443 507 488 530 522 572 613 698 547 782 593 444 514 696 358 656 497
771 625 722 760 752 757 697 588 555 595 767 746 567 863 666 656 642 565 617 470 665 686 720 723 833 695 624 563 759 565 856 664
782 643 640 688 709 610 583 621 402 639 684 646 479 790 631 487 510 563 672 475 478 577 701 642 801 510 566 460 656 625 796 584
773 545 645 829 757 664 618 617 528 656 737 683 602 792 598 566 568 442 676 451 634 711 775 696 804 601 658 581 739 541 884 615
806 616 784 796 784 750 688 649 476 644 724 846 630 943 602 554 632 555 623 524 665 760 817 670 796 758 709 628 796 521 880 610
756 637 712 718 701 663 578 629 513 604 838 765 505 879 616 482 522 611 630 594 639 734 734 686 775 577 611 656 750 606 776 512
710 598 661 689 689 614 607 605 418 682 710 695 494 757 651 528 577 484 569 452 683 623 634 587 789 580 523 620 626 490 835 513
761 530 709 733 704 694 599 680 542 615 775 747 541 816 583 552 619 587 584 526 624 670 746 667 815 722 664 496 749 605 807 549
729 679 708 666 794 687 666 693 456 712 765 776 523 780 669 628 588 558 577 523 631 634 686 677 846 643 529 542 723 612 891 520
541 497 553 497 528 573 512 390 342 428 533 569 402 664 461 361 467 387 452 345 502 448 503 463 613 496 469 466 562 380 630 442
778 578 722 818 802 679 608 670 597 670 699 718 531 821 540 561 517 656 609 513 664 700 733 675 869 697 612 696 737 648 810 509
746 556 691 686 694 776 636 566 564 583 786 725 545 803 661 584 642 544 488 467 643 730 713 709 807 636 726 638 711 642 813 562
815 712 756 764 779 758 657 738 536 730 1021 819 597 782 743 669 664 632 674 546 736 658 798 718 993 679 679 598 702 723 938 646
680 587 591 734 640 681 615 550 594 550 644 644 515 737 480 505 558 567 589 412 585 688 750 674 732 604 611 582 772 479 756 551
692 505 579 723 644 623 616 557 549 528 681 624 493 685 529 429 535 535 581 449 531 614 667 597 781 602 587 485 659 555 649 561
689 475 626 659 659 626 526 534 400 495 586 614 461 748 511 458 532 464 484 389 556 549 596 498 749 569 549 470 573 474 688 566
