9 6 87 5 10 16 100 41 5 14 96 78 24 10 113 48
16 101 54 93 98 43 144 86 83 115 140 179 97 74 96 34
15 0 72 60 73 60 9 0 37 45 47 59 45 57 39 9
12 6 97 44 57 32 11 91 32 72 0 50 21 35 64 13
81 106 0 81 28 4 36 0 50 20 0 28 29 45 113 20
4 9 63 0 0 12 60 5 0 5 36 2 9 0 126 54
20 15 0 0 0 0 30 25 0 15 0 10 0 0 0 0
0 48 0 0 42 18 0 0 48 38 0 0 30 0 0 30
69 48 100 30 16 7 36 70 10 21 9 18 36 34 101 42
0 46 0 0 28 50 3 0 25 19 28 7 68 0 0 8
0 0 38 10 0 4 0 0 0 6 18 12 4 18 32 24
0 72 72 15 77 36 2 0 74 66 27 18 54 27 72 101
0 54 0 54 35 0 59 0 5 0 0 42 0 0 48 5
90 42 81 116 67 105 79 18 60 63 105 141 61 80 126 7
9 89 123 96 62 53 51 8 91 110 18 119 46 63 117 108
0 0 42 20 56 4 58 8 8 16 84 60 0 36 18 8
