26 107 61 141 68 111 125 105 187 76 223 193 199 160 202 139 220 22 311 112 137 130 14 123 73 136 190 184 165 120 101 184
51 148 46 86 80 39 146 80 179 35 87 142 164 105 205 64 219 28 232 210 194 160 90 192 56 54 148 210 201 139 138 54
92 50 42 0 32 74 28 20 20 20 104 121 108 4 99 16 36 36 65 0 66 95 44 119 64 0 86 71 82 106 70 28
99 38 16 52 39 14 61 83 85 40 111 36 102 103 95 81 46 36 185 42 47 78 38 68 22 50 136 62 140 95 55 87
62 63 8 27 0 74 4 12 40 35 42 45 47 53 57 16 8 24 128 54 13 42 27 0 43 8 24 92 42 78 81 30
50 4 99 88 69 74 50 74 51 0 79 141 62 22 89 32 107 102 54 56 30 136 42 66 53 37 69 105 54 98 7 92
51 66 36 50 55 24 6 23 46 23 96 94 115 29 147 16 69 12 141 20 13 42 24 50 24 8 41 50 40 42 68 18
65 75 74 40 126 90 32 50 209 18 127 73 232 150 74 89 120 126 135 45 102 150 50 106 185 78 204 52 194 119 59 147
51 92 52 82 47 66 48 30 38 0 41 211 120 21 164 45 50 0 145 46 104 128 56 145 76 34 114 180 129 60 77 63
85 37 16 130 88 103 59 73 99 76 192 81 127 183 95 51 115 6 184 0 75 136 73 151 102 71 179 139 200 245 125 163
74 113 109 158 195 121 56 64 120 74 98 165 128 101 121 96 195 55 121 95 226 246 52 226 150 119 174 185 288 131 51 181
91 100 103 40 73 48 0 57 162 72 109 15 238 178 99 139 127 36 51 91 54 40 0 120 133 95 70 55 168 104 15 189
87 51 160 79 83 101 126 149 103 169 175 153 98 161 156 156 214 112 78 60 114 53 60 203 164 24 109 49 141 191 100 219
187 191 94 157 30 190 81 159 101 97 175 201 146 171 230 132 133 129 175 64 177 179 94 40 89 149 133 258 138 218 145 296
77 89 38 25 62 106 73 36 63 40 49 61 43 120 106 49 81 60 114 30 97 18 52 109 104 24 93 109 90 115 88 141
158 79 60 135 21 16 0 63 69 55 84 199 101 24 264 48 123 78 40 112 117 126 0 103 76 15 73 76 205 24 10 60
97 29 76 72 48 23 78 35 59 20 81 137 29 85 150 66 108 70 37 52 127 32 109 93 18 0 44 35 34 83 49 99
72 90 34 80 30 36 93 72 20 100 37 182 34 25 149 37 55 42 167 87 55 43 30 115 32 48 57 182 68 72 108 105
130 70 27 24 43 24 32 126 116 12 120 56 77 152 78 86 121 36 0 47 80 31 96 108 30 15 83 50 145 88 52 111
222 118 56 57 151 90 111 206 174 120 251 115 243 223 198 147 171 135 150 81 108 118 114 265 142 99 214 126 221 252 227 294
98 51 66 42 40 52 36 39 135 119 86 44 123 35 55 79 88 29 98 101 53 148 24 49 119 54 88 60 131 184 44 126
102 116 23 24 25 108 54 34 28 48 107 56 141 142 160 40 73 72 30 56 66 4 12 154 116 68 53 25 157 73 95 78
13 93 40 94 78 50 0 12 46 24 77 107 117 60 137 0 149 28 136 32 60 134 0 102 105 0 54 44 152 44 18 24
4 54 52 32 9 58 58 30 30 68 40 21 92 36 4 35 84 0 22 37 45 77 25 118 50 36 32 53 55 90 34 86
90 74 31 139 67 116 44 152 51 8 175 116 117 159 229 99 151 108 112 36 69 126 158 130 64 131 56 235 102 170 82 99
92 103 96 222 102 157 72 168 83 24 127 153 109 137 228 69 225 66 165 168 105 177 113 196 56 133 143 329 179 191 157 131
27 0 40 49 24 28 105 0 22 72 7 59 3 0 62 0 84 36 53 56 0 18 18 84 7 16 35 20 26 82 63 69
226 119 81 76 108 143 53 119 293 48 270 119 274 271 176 187 288 72 132 91 258 192 86 240 155 91 297 69 340 149 67 260
96 72 40 38 96 89 130 133 175 48 280 89 159 305 135 137 251 99 162 97 105 57 140 229 106 115 145 71 142 231 103 186
123 87 25 130 102 104 10 189 69 4 170 106 146 211 197 60 110 87 228 79 58 108 52 166 126 108 187 245 225 152 159 105
67 86 117 56 207 119 106 181 211 58 198 30 219 207 141 119 250 107 126 88 113 56 0 160 141 104 145 101 205 116 82 168
122 121 30 85 34 18 24 86 110 0 153 157 154 71 298 85 148 21 99 89 169 132 37 110 67 42 174 131 219 53 110 92
