333 315 378 348 243 139 105 76 319 237 269 130 176 240 136 228 128 181 174 148 230 218 182 140 159 109 339 356 379 249 274 267 336 297 161 90 189 184 302 249 298 209 165 220 200 282 245 213 322 227 193 79 155 210 246 225 283 238 110 262 275 235 104 266
255 136 82 157 155 62 39 39 162 54 190 201 126 129 156 128 70 111 174 53 176 106 76 139 92 97 280 190 231 136 151 133 313 276 162 111 240 116 74 294 75 145 231 56 178 47 288 134 145 116 10 136 125 250 197 181 298 54 111 280 233 216 90 139
122 139 16 100 193 147 189 115 51 143 151 45 58 83 246 200 151 93 49 147 212 236 110 169 22 195 170 103 160 80 111 156 145 64 125 162 43 80 101 32 62 138 124 175 139 115 140 140 151 149 90 275 148 146 155 114 111 97 35 32 94 204 56 98
324 316 157 218 208 244 245 143 210 118 289 185 123 176 234 204 159 108 245 276 279 145 162 103 181 141 318 217 377 75 230 218 84 162 286 116 228 164 313 150 74 294 264 203 146 78 212 203 84 100 139 212 71 167 293 271 431 213 90 246 250 197 189 190
96 167 87 121 67 106 107 23 70 231 183 241 4 263 345 117 71 138 122 72 112 126 155 111 157 183 149 156 88 127 159 66 348 293 86 116 57 171 260 222 157 79 92 312 228 29 197 296 177 153 94 197 84 123 196 100 170 229 48 105 116 171 139 160
184 282 293 174 117 71 114 46 81 216 331 107 90 234 168 104 70 108 224 160 211 144 159 243 283 174 111 201 208 196 227 132 130 168 197 137 204 204 314 117 218 124 236 225 162 121 319 228 312 130 256 167 240 164 180 262 414 180 99 198 178 84 141 79
273 250 99 200 130 166 250 55 51 203 329 100 104 271 247 192 132 83 202 50 292 134 133 222 132 134 87 164 228 71 94 255 107 158 261 92 99 166 76 108 70 278 209 224 282 110 202 86 195 112 145 153 165 103 159 291 122 166 131 192 272 209 152 311
275 200 172 98 84 152 96 0 105 132 223 291 158 285 213 121 71 151 158 28 283 47 91 121 194 94 238 182 170 75 100 214 196 237 211 141 221 50 113 191 195 303 175 191 227 219 139 144 230 88 181 218 96 159 212 117 55 259 127 167 228 96 140 254
255 215 226 227 128 176 107 43 174 135 235 232 73 157 280 188 151 145 174 111 296 184 153 159 184 147 204 210 286 155 58 236 329 159 182 125 167 188 146 339 238 174 102 207 236 143 257 221 220 234 136 158 186 181 213 135 278 141 119 250 184 127 51 77
255 353 159 299 172 265 234 68 136 270 294 162 219 245 467 111 285 135 162 269 267 172 289 223 233 152 296 244 201 52 264 159 274 470 223 110 306 172 272 102 185 303 229 323 297 187 226 230 165 115 102 346 181 279 138 242 245 184 94 225 273 186 325 376
273 153 51 179 143 213 149 48 28 106 165 154 143 125 197 93 90 84 124 82 153 160 179 101 180 161 144 103 122 152 197 210 174 156 108 32 104 117 156 141 130 198 264 123 256 27 141 102 61 40 174 209 188 13 116 144 276 93 59 86 139 159 218 112
187 310 170 178 71 193 186 84 244 351 309 141 132 205 318 358 186 226 175 138 218 157 183 268 184 223 87 168 306 196 165 297 223 169 266 117 131 133 290 146 174 274 131 182 110 236 193 274 227 150 129 161 100 145 328 176 248 323 104 259 156 217 183 157
333 190 86 275 330 151 103 78 289 163 355 218 221 149 387 242 178 74 103 213 306 218 347 136 92 240 388 275 274 57 276 314 281 280 277 286 143 104 177 121 221 362 332 233 170 157 235 183 254 113 193 245 135 232 371 291 256 401 120 80 226 251 195 249
253 257 190 233 172 143 146 26 207 340 237 107 112 345 274 121 197 215 105 193 118 213 134 205 239 199 139 142 231 161 292 188 258 366 172 223 158 187 241 52 126 222 164 272 144 129 98 260 177 311 167 133 170 202 165 204 213 214 80 139 244 265 116 269
132 183 130 126 154 116 159 113 264 236 179 172 262 233 178 174 204 46 163 188 201 184 213 84 154 244 353 250 177 305 208 231 335 196 312 88 195 100 295 201 168 176 122 204 92 134 264 151 208 54 228 114 144 293 241 50 147 133 56 207 174 241 192 280
221 411 142 291 186 193 77 51 270 369 391 121 78 251 339 458 243 179 167 245 306 74 266 94 219 166 118 188 301 146 200 259 252 174 376 129 142 131 272 96 123 321 125 249 124 155 89 150 207 108 183 303 87 183 226 319 374 242 99 231 184 275 253 322
230 240 232 208 157 223 217 57 184 297 137 126 39 251 342 128 183 145 196 153 111 193 154 156 179 74 241 249 223 118 217 319 193 189 64 83 114 183 319 119 204 228 124 274 181 179 131 306 182 160 112 137 67 115 141 174 218 196 60 189 227 215 50 199
302 312 130 129 163 147 201 109 234 180 236 144 246 157 370 196 109 69 195 234 369 189 238 185 142 266 337 202 277 67 140 330 165 277 315 170 294 133 199 61 182 238 255 271 296 259 266 207 226 196 123 292 177 230 250 265 237 243 47 86 231 100 183 192
259 133 73 209 89 91 111 46 277 63 164 132 36 94 142 150 165 149 125 158 94 87 161 55 39 101 176 26 114 86 79 180 306 255 68 41 131 37 202 68 121 214 52 137 65 156 59 95 70 205 69 75 131 131 173 63 223 162 74 57 97 124 25 176
461 393 125 116 261 250 209 207 126 172 391 150 214 142 476 251 105 75 175 321 256 188 189 189 365 195 198 70 295 197 260 309 200 416 302 201 261 152 332 181 222 381 330 194 237 192 451 141 185 232 290 330 232 154 253 335 385 225 79 155 212 170 189 306
312 232 204 197 228 231 191 90 333 161 311 241 211 202 265 248 185 174 165 115 310 239 223 162 147 221 476 241 374 164 137 353 257 211 348 172 320 124 299 164 174 325 187 233 200 178 157 207 229 161 237 157 219 306 402 137 246 205 45 233 327 279 190 313
146 106 120 212 115 60 149 110 226 145 224 216 180 118 271 97 196 85 137 162 203 245 88 154 115 134 274 201 179 130 262 124 243 220 187 166 178 125 303 131 141 214 183 205 37 120 173 145 22 124 96 40 135 192 287 104 122 270 21 40 94 117 189 213
363 373 169 210 174 170 190 83 125 260 256 90 173 206 340 196 137 186 71 135 189 211 152 173 164 135 109 91 232 167 285 178 190 397 159 193 149 167 262 68 267 317 205 316 193 105 414 250 239 276 125 285 129 71 210 341 235 435 174 39 71 169 168 235
251 174 166 84 228 116 61 0 210 39 206 199 80 69 104 102 197 92 69 20 97 122 226 55 134 90 291 96 178 183 139 212 214 237 83 274 222 34 168 219 264 168 160 124 94 185 165 117 61 178 100 100 120 165 157 99 167 177 67 127 183 136 107 185
240 191 115 52 150 74 85 56 226 241 146 202 171 191 292 199 61 144 140 145 219 138 226 57 88 215 317 147 240 136 93 259 237 247 147 184 208 86 119 231 107 70 160 225 307 72 273 219 148 152 141 185 106 264 273 162 213 220 87 257 218 222 206 171
349 344 59 269 314 304 289 135 170 169 321 164 84 237 508 187 254 101 86 275 194 205 299 92 275 374 218 163 201 180 282 184 199 329 184 214 56 91 198 140 137 229 103 422 217 136 286 205 243 163 228 288 173 183 189 191 262 216 41 167 242 264 242 187
415 206 156 219 286 150 217 128 309 256 256 184 152 173 349 269 220 96 218 239 126 239 244 104 133 151 265 117 292 172 288 425 229 253 203 191 143 138 396 56 265 298 255 240 137 109 295 204 81 220 212 180 91 141 315 307 320 372 68 80 126 201 195 280
178 92 148 138 145 118 28 37 190 126 64 108 202 106 247 100 76 83 34 157 232 59 66 59 64 143 201 64 131 122 32 134 222 298 245 149 279 88 49 172 122 221 98 104 183 100 217 129 81 193 165 105 79 337 164 100 84 138 74 141 208 215 134 228
251 134 71 176 92 206 119 71 206 170 305 236 85 84 247 225 79 143 197 106 95 161 224 90 223 36 132 258 268 58 205 171 269 264 202 103 205 140 210 135 99 155 114 80 115 112 153 100 135 149 144 107 164 110 218 159 160 172 45 167 254 200 135 121
301 172 130 133 104 293 257 143 103 139 350 182 148 190 277 172 191 162 182 113 145 184 181 238 91 131 144 199 194 235 205 184 204 163 249 97 188 186 195 144 128 186 215 304 193 154 219 205 196 134 132 148 271 62 201 150 273 246 97 87 235 242 164 183
369 201 223 289 264 271 140 101 209 285 249 232 216 196 434 207 185 184 296 151 191 198 227 111 199 97 281 200 306 166 203 367 328 297 373 105 224 219 170 180 192 294 246 267 208 159 108 219 252 248 169 183 182 146 208 262 328 287 134 115 237 111 118 186
348 250 50 204 146 277 275 88 191 190 321 219 129 298 353 298 107 246 145 132 279 139 163 128 185 251 307 304 290 88 161 209 189 171 267 135 7 68 286 171 164 271 170 321 234 108 237 166 130 184 226 170 141 121 282 224 222 315 51 88 199 272 287 267
173 241 88 324 241 133 134 58 112 82 118 235 110 120 244 138 168 43 54 154 226 177 202 52 68 287 193 184 157 107 300 192 93 177 109 105 228 108 175 134 142 220 179 112 90 96 183 112 72 26 87 149 33 150 250 220 224 178 116 92 173 243 175 131
189 174 133 172 82 50 101 22 139 164 244 48 66 171 128 55 71 76 74 95 186 111 142 116 112 167 129 153 221 174 142 80 219 103 131 33 95 129 199 125 211 97 55 93 76 57 315 147 128 84 214 81 74 140 129 167 87 88 84 81 78 169 126 77
149 154 140 190 194 95 138 159 72 200 129 114 177 98 217 159 58 63 178 151 178 367 128 140 98 124 72 131 96 210 289 135 224 199 152 120 202 163 165 56 68 192 137 32 80 138 212 58 108 196 201 202 250 120 210 116 158 135 47 94 143 124 127 92
181 157 150 193 317 216 114 151 144 230 287 226 211 123 324 208 115 137 165 161 93 205 213 194 152 74 278 145 313 225 242 263 287 276 286 317 144 128 186 221 192 164 247 210 169 108 215 244 235 229 196 202 276 220 268 126 264 249 26 169 223 257 100 213
206 213 115 154 165 88 92 81 177 179 162 192 130 148 233 153 163 79 120 133 98 240 62 78 40 118 118 126 86 247 324 223 196 247 158 113 150 156 258 165 223 219 189 112 168 125 168 116 63 146 94 215 104 80 147 180 134 224 73 66 84 184 251 299
451 297 159 91 140 198 211 97 225 300 272 97 208 225 271 279 97 98 110 89 180 163 228 179 150 87 278 124 159 163 239 306 448 338 239 140 165 84 241 91 162 380 181 263 127 225 314 91 186 216 159 268 152 93 149 245 163 316 108 107 238 124 198 256
287 335 181 301 330 156 253 83 84 171 189 227 247 202 307 100 216 207 109 113 207 237 158 234 183 269 256 252 170 224 371 175 298 388 149 122 292 156 305 167 188 354 198 206 56 187 367 282 277 98 166 276 171 100 274 361 225 249 135 164 267 272 200 233
286 122 71 120 102 80 220 52 125 166 154 106 87 138 278 22 119 178 65 93 132 74 158 160 69 79 234 30 159 70 73 135 231 200 173 244 155 51 50 89 110 116 75 309 266 113 199 150 132 133 82 194 200 180 70 186 114 196 69 44 169 164 181 264
184 144 40 165 106 105 116 49 149 98 235 51 99 110 211 104 81 137 31 51 125 158 198 71 106 90 211 154 194 41 132 133 154 153 110 73 35 31 110 46 74 83 68 211 108 89 144 43 167 131 79 84 120 44 136 147 146 151 67 33 77 96 85 87
334 168 112 101 198 147 186 20 143 65 186 163 115 146 170 95 159 61 86 37 100 101 130 70 106 79 134 124 68 114 111 351 185 144 82 18 210 25 164 59 149 187 120 222 126 156 185 120 184 54 82 164 93 31 87 268 119 190 80 117 262 88 149 236
251 178 116 152 49 112 170 109 173 200 220 117 108 259 243 149 166 97 70 199 286 205 177 198 108 144 226 181 127 196 203 108 366 212 213 134 175 187 215 98 68 175 205 276 187 225 266 99 129 169 227 161 238 147 122 208 305 143 21 59 210 164 161 241
247 215 77 249 189 175 226 205 101 202 149 277 241 223 350 244 139 85 171 147 245 301 250 125 146 288 177 228 161 171 250 290 219 198 278 95 135 78 232 124 124 309 125 228 137 170 331 139 156 67 222 169 131 141 331 200 281 330 82 92 166 158 240 204
139 144 103 144 121 66 142 52 195 46 244 244 143 166 187 90 167 43 90 108 191 104 189 107 89 240 247 137 53 112 116 183 188 128 292 144 188 105 127 69 135 172 162 310 136 111 70 170 155 95 95 119 251 138 186 54 308 158 18 120 178 110 150 174
224 213 106 120 168 193 198 185 148 225 221 194 192 106 366 166 96 168 159 102 88 172 255 114 138 90 348 266 230 156 173 143 255 246 263 264 101 181 241 206 181 231 275 228 181 74 384 255 114 142 186 136 174 98 315 155 332 335 58 107 221 214 181 205
147 211 139 57 145 199 155 28 104 144 335 110 17 222 177 245 217 16 145 145 175 156 200 168 155 223 166 219 76 221 98 139 229 79 116 147 64 161 337 206 92 76 177 233 148 126 174 159 138 116 193 103 146 149 236 71 227 192 68 130 223 123 138 77
243 193 181 299 35 142 145 111 250 178 264 310 74 226 254 168 173 121 271 247 344 247 211 149 191 317 222 216 277 82 147 219 299 107 273 112 247 285 104 170 155 144 139 328 204 161 56 194 163 130 191 196 294 167 253 94 304 105 13 190 258 181 168 134
187 213 137 118 180 114 113 98 118 188 186 230 196 98 259 236 88 139 90 164 326 207 208 81 64 294 244 274 145 129 234 219 131 35 247 134 279 154 123 108 201 244 183 124 61 86 200 192 130 35 234 206 68 156 377 172 210 288 135 81 171 221 154 99
253 202 89 234 78 166 65 98 99 197 246 212 134 299 290 176 158 107 134 257 266 149 65 267 174 194 130 99 194 103 109 171 371 372 432 194 169 168 191 288 28 229 179 125 235 189 196 102 276 211 203 233 193 287 226 144 163 195 170 172 172 188 105 192
181 145 172 173 174 173 119 56 126 264 217 181 154 190 320 176 148 64 222 190 101 207 233 248 72 64 170 217 167 146 197 329 154 159 293 191 143 286 134 167 176 150 294 313 232 104 218 256 150 137 172 129 157 139 245 198 315 306 113 102 203 211 151 179
163 172 51 175 82 70 148 36 96 181 176 137 50 204 142 37 127 38 42 77 188 151 171 161 137 84 167 100 157 62 167 234 284 99 191 169 137 85 183 158 74 155 84 247 76 128 199 100 71 35 112 176 104 161 157 252 151 94 108 87 127 224 206 135
463 385 146 385 341 320 250 153 268 247 467 229 153 301 266 510 184 251 246 169 222 187 309 186 228 197 226 222 292 278 205 412 480 320 418 126 195 97 309 190 67 399 153 358 208 217 281 100 356 201 293 270 186 278 295 311 327 429 198 104 430 332 278 431
214 306 119 227 192 73 84 108 75 156 276 53 129 157 236 150 48 44 179 212 210 210 127 242 224 160 94 106 169 148 180 128 118 276 239 196 183 205 265 120 55 241 218 121 166 149 334 81 171 158 197 214 207 88 229 220 281 100 105 157 150 163 59 173
336 239 81 195 239 115 325 85 184 185 308 246 174 264 350 265 188 86 72 149 295 243 113 116 180 287 228 139 220 120 172 304 190 123 169 220 170 116 202 101 152 188 292 141 234 91 326 165 159 236 269 186 203 128 375 246 252 269 91 213 186 216 125 240
240 103 79 93 58 24 127 120 229 118 376 64 128 143 184 194 102 48 226 133 309 159 143 107 56 139 150 137 193 114 93 249 311 97 164 47 106 73 122 143 130 82 196 187 147 213 161 26 201 128 120 177 184 160 217 163 114 99 112 102 104 124 130 92
269 177 225 74 188 267 148 95 88 250 297 114 167 203 371 247 161 107 150 114 246 270 157 237 147 222 225 204 201 249 211 392 194 136 271 134 262 158 208 119 102 238 203 256 251 134 94 156 291 140 187 280 305 254 242 148 318 157 42 203 307 117 236 145
354 258 101 233 247 253 203 128 237 366 167 353 219 185 401 376 197 138 303 140 336 253 356 213 272 297 252 315 233 153 176 419 356 233 383 243 289 106 93 260 164 191 265 220 217 198 276 277 233 196 238 282 294 240 362 186 480 298 103 288 274 246 116 45
209 244 178 176 32 178 30 122 206 214 308 105 120 151 198 315 18 120 229 125 286 120 190 111 151 121 148 297 240 190 167 202 220 135 242 47 183 116 274 112 148 256 40 126 113 154 156 50 165 135 211 188 150 268 286 77 266 235 58 86 127 72 254 121
379 397 66 413 106 201 114 116 293 171 362 176 90 244 400 341 130 119 156 256 284 205 124 128 172 183 261 202 353 46 230 151 336 410 317 157 35 140 281 150 88 319 199 161 274 176 288 128 211 258 128 226 139 123 241 219 219 299 83 77 118 168 177 208
192 103 50 70 134 122 121 63 126 152 108 150 183 55 271 148 6 107 89 98 169 81 53 83 81 196 197 51 104 88 194 154 96 155 177 109 177 32 26 89 63 179 229 61 134 48 105 104 97 140 74 137 145 64 156 160 172 205 66 98 95 166 83 89
288 123 155 81 166 182 136 46 223 175 186 211 138 205 324 110 100 163 169 214 266 142 91 123 129 205 387 170 208 104 212 235 184 247 236 221 244 111 239 109 37 204 179 240 195 109 114 185 102 220 210 170 90 255 250 231 181 278 18 91 213 171 222 183
195 204 72 160 344 185 85 47 41 140 174 184 119 113 271 140 166 27 39 167 115 89 162 62 147 90 134 64 192 99 146 188 102 203 191 211 95 83 87 178 147 198 237 138 151 33 160 137 126 69 218 279 21 106 91 250 166 174 36 104 167 157 167 295
45 211 115 53 127 106 176 43 9 109 136 70 49 95 238 119 197 10 37 163 164 147 88 103 137 111 141 64 81 95 62 166 78 89 76 90 85 92 131 115 25 182 66 161 104 90 135 124 37 28 28 125 12 115 21 56 152 98 33 188 163 75 87 158
