240 418 216 369 170 288 317 411 367 334 315 490 370 322 149 317 502 338 399 386 432 214 512 355 285 201 274 246 412 266 201 448 429 140 323 296 561 380 321 233 252 308 300 251 438 328 282 332 221 192 277 346 394 355 317 348 518 341 493 125 400 139 331 297 303 405 233 247 417 311 297 282 352 563 400 395 258 506 353 170 352 331 354 176 358 300 448 277 228 266 459 376 211 228 282 259 344 382 396 445 360 523 310 344 298 368 441 306 463 248 349 456 372 211 364 434 302 313 269 286 279 372 289 251 389 293 324 391
498 255 284 497 166 442 239 492 262 392 154 549 614 510 399 600 517 291 427 351 439 366 420 327 314 335 444 363 409 332 308 268 467 359 302 638 416 387 513 323 299 402 459 410 353 446 365 387 535 425 402 426 335 417 319 357 318 552 362 198 391 276 266 403 390 425 345 440 461 301 267 495 418 597 478 533 597 419 248 268 353 269 471 432 365 324 284 427 321 358 197 373 360 145 359 263 333 341 242 426 255 463 246 329 426 538 456 402 414 310 481 471 347 286 325 453 312 397 359 312 346 352 477 384 477 463 429 303
448 384 487 411 235 242 488 566 464 492 421 583 412 364 323 410 586 294 463 318 475 290 560 290 193 517 386 431 283 399 250 451 652 305 283 321 911 412 353 287 374 545 429 565 371 452 331 491 452 504 254 504 322 452 361 468 575 313 555 441 515 225 156 461 529 631 469 504 421 333 279 202 414 469 289 725 387 382 332 299 469 333 364 305 401 464 364 220 312 315 299 348 473 444 357 244 510 474 467 621 303 548 418 376 422 512 534 330 615 353 424 508 528 241 500 584 493 397 235 348 352 352 312 300 609 298 502 460
304 215 223 388 226 333 238 447 178 275 250 400 318 303 484 450 565 300 351 452 492 414 227 318 170 403 372 299 267 251 165 211 342 304 301 363 331 286 295 288 274 460 403 318 126 281 330 321 351 320 209 427 196 166 376 432 428 381 298 181 383 190 291 346 426 295 497 433 364 351 142 304 317 259 273 454 353 255 288 297 273 247 258 331 379 366 154 263 348 249 230 397 393 214 314 182 292 229 360 223 213 251 286 321 289 299 418 232 188 346 269 290 299 232 370 324 209 265 277 239 258 229 298 339 439 225 246 450
480 521 243 438 466 550 380 435 379 369 253 621 337 399 634 629 718 499 384 591 621 537 657 462 489 356 420 524 280 401 296 450 407 567 288 424 580 296 628 351 396 529 584 392 190 393 440 480 570 369 425 476 427 339 521 398 506 726 578 359 388 544 400 443 779 468 660 609 566 389 362 430 637 535 521 654 348 419 370 554 370 403 511 569 355 404 390 563 399 505 437 734 451 198 376 270 289 284 436 514 373 491 632 655 562 522 650 461 416 558 503 461 461 398 450 430 316 277 382 516 359 371 430 244 523 551 442 571
268 332 209 382 225 398 362 507 129 281 266 445 269 377 256 459 316 244 384 372 331 420 283 207 223 291 467 323 315 271 404 280 433 335 423 462 375 435 419 220 331 289 487 456 383 263 159 317 365 222 165 464 352 418 388 355 309 537 286 338 414 191 358 339 377 198 327 307 447 419 299 334 401 489 574 365 299 451 392 381 400 264 544 292 159 142 229 331 283 223 336 418 240 230 350 361 320 358 358 280 429 424 473 502 478 435 440 428 419 333 347 174 491 360 227 288 346 315 228 430 258 427 246 282 272 444 303 182
376 212 422 578 317 342 372 401 346 454 386 643 539 297 401 438 450 444 444 329 455 278 456 466 317 262 524 422 427 421 240 295 396 283 331 430 705 521 337 247 346 544 441 399 468 467 317 443 648 206 408 385 271 349 307 300 344 464 494 224 422 385 184 239 398 579 284 611 622 239 278 473 184 486 399 627 434 356 161 521 300 340 248 436 393 532 331 553 399 484 247 249 496 299 539 295 319 303 211 385 456 579 341 346 277 367 441 372 404 399 519 514 446 365 455 318 340 418 262 276 268 312 329 225 413 348 315 375
328 281 165 314 155 378 276 381 175 355 319 437 432 177 302 437 375 400 215 422 277 207 205 304 372 248 538 295 273 351 249 221 310 273 253 291 307 484 317 326 392 512 345 361 187 515 217 249 324 226 199 347 216 220 365 403 383 377 307 180 312 144 282 350 350 588 486 278 275 325 75 307 231 332 433 490 170 455 363 322 262 150 490 265 277 239 220 256 296 326 197 388 254 71 569 101 373 270 405 134 380 381 302 317 388 290 375 507 256 257 295 246 348 300 273 414 212 315 231 498 352 212 182 260 516 272 240 425
263 317 189 236 214 223 302 399 199 249 157 460 390 317 465 342 424 160 491 249 388 339 358 167 418 244 354 380 167 257 307 193 231 299 299 355 373 478 422 206 197 337 217 246 164 354 284 282 150 174 232 346 218 395 292 347 505 418 283 215 306 364 247 405 320 391 311 229 376 232 297 488 315 437 294 319 242 233 368 318 200 149 266 436 385 233 226 260 208 254 308 260 294 184 225 108 332 361 356 424 147 284 394 309 312 361 355 325 196 362 133 196 374 281 385 325 281 391 252 383 324 216 170 215 235 369 199 310
315 278 116 365 214 219 243 454 425 509 341 447 418 366 520 266 428 406 329 257 438 188 349 407 286 433 342 162 158 276 197 417 254 394 261 368 392 487 367 95 259 308 412 343 391 265 181 245 520 177 293 225 231 275 391 282 211 260 450 444 486 280 221 127 157 225 410 81 377 227 225 428 241 407 204 330 263 411 259 210 190 393 252 271 285 281 358 329 358 294 138 336 225 144 355 197 302 440 222 483 411 466 342 227 175 310 256 192 524 186 355 368 430 457 193 282 163 436 340 410 194 273 373 265 376 256 372 398
381 438 292 481 361 303 384 668 342 338 351 493 244 445 515 351 506 350 528 454 609 301 332 289 288 338 328 411 612 447 168 477 583 354 326 505 479 411 436 193 316 273 465 432 301 495 193 411 561 303 289 360 202 338 318 578 337 332 375 325 329 196 324 424 453 345 553 398 391 414 279 409 346 761 291 609 430 375 236 358 494 247 279 394 528 392 290 351 385 382 280 356 379 160 435 285 331 458 469 400 338 354 279 340 363 521 418 405 480 439 354 626 373 352 471 368 304 349 369 597 429 321 243 238 416 449 500 364
427 343 198 565 412 374 373 705 481 328 367 617 379 392 281 529 566 202 407 421 366 389 451 323 298 475 410 441 342 374 229 302 345 304 346 390 453 378 424 213 287 327 485 454 390 360 339 290 351 307 221 449 336 447 511 349 358 382 242 200 467 398 237 369 308 331 200 203 620 415 228 331 472 443 400 374 313 393 265 256 267 314 229 282 200 261 345 400 339 394 214 336 436 224 565 312 337 506 264 450 328 337 275 550 272 556 443 284 596 260 425 475 571 235 279 398 221 394 316 303 318 208 382 301 398 327 304 387
377 446 244 201 266 280 356 372 344 429 280 509 299 268 385 278 426 347 460 324 278 314 381 467 133 280 457 326 233 338 132 193 472 237 292 284 695 285 272 278 444 449 362 317 298 299 184 194 408 491 314 396 216 314 257 305 366 420 454 380 297 420 262 356 416 437 361 372 302 188 370 317 287 390 395 426 347 302 291 377 313 258 315 405 452 315 368 384 294 335 337 228 249 226 307 300 345 249 221 389 291 491 229 408 321 418 412 365 452 401 306 467 293 202 316 282 371 285 267 307 304 270 354 214 452 388 258 359
473 372 300 645 147 407 495 557 549 367 278 493 785 563 589 571 702 363 614 384 770 416 499 315 543 393 554 298 415 247 214 375 372 513 324 453 545 527 486 399 265 671 449 371 424 556 509 552 505 176 346 291 222 425 431 478 456 657 527 392 478 261 474 289 605 497 553 604 572 693 263 551 659 448 564 570 544 445 281 340 438 345 419 487 597 427 458 408 611 325 465 597 453 319 451 327 465 519 546 698 264 495 569 515 563 585 522 331 415 511 312 619 393 359 420 633 394 591 400 503 261 320 465 335 584 631 355 299
282 201 172 502 261 405 244 546 228 420 288 421 338 240 264 424 398 271 396 423 449 312 411 309 413 408 427 254 412 263 180 252 424 132 262 177 314 358 186 411 314 439 342 381 374 251 361 465 285 342 355 412 138 329 335 332 254 590 286 197 390 225 262 404 346 435 188 371 298 270 197 290 223 320 462 481 402 391 176 225 411 291 152 285 272 362 281 153 286 251 213 382 532 259 387 213 301 277 358 281 184 338 268 258 400 300 396 304 360 337 188 343 438 227 267 287 295 157 247 237 168 357 287 224 369 405 299 318
305 158 190 225 240 148 302 184 264 269 255 419 414 271 336 316 356 254 409 255 299 210 458 312 278 202 454 321 193 187 204 237 274 201 209 429 493 274 460 266 238 357 380 220 166 278 251 159 418 241 224 234 256 273 174 250 406 393 453 198 290 307 210 240 286 310 285 365 464 311 231 219 286 264 274 360 214 210 183 253 281 173 267 403 362 136 222 355 278 286 447 247 292 222 265 162 256 100 298 524 153 376 319 268 181 280 457 337 235 159 438 309 260 233 288 330 484 205 366 100 215 229 314 166 373 324 343 380
370 301 441 412 332 397 391 477 408 380 282 593 453 442 552 447 614 379 503 338 571 321 366 356 511 478 518 281 307 450 265 174 503 437 365 457 636 352 443 392 153 646 361 461 478 408 250 564 639 484 477 600 399 353 260 381 321 311 519 370 454 375 495 378 481 323 310 468 657 368 320 321 460 534 345 531 535 315 296 209 360 490 310 330 411 366 419 253 493 197 401 546 545 314 364 425 332 264 342 532 310 451 419 264 298 388 496 283 552 422 356 368 554 373 256 482 469 334 425 262 219 424 505 278 590 393 526 330
355 389 210 433 289 480 356 545 207 600 121 521 372 270 635 510 551 420 501 673 593 417 370 473 405 422 652 387 589 332 361 340 503 373 320 514 414 567 427 282 268 443 677 464 378 286 257 500 537 337 379 470 340 438 498 548 428 596 474 329 536 166 364 472 531 313 428 390 491 439 365 598 433 616 323 884 558 568 312 412 412 464 318 531 372 500 207 326 441 505 284 402 585 204 393 345 392 434 373 360 516 571 250 286 445 468 484 499 579 449 420 371 530 444 436 333 390 449 210 482 447 297 348 305 460 424 316 395
424 266 421 591 348 346 489 576 542 327 418 549 424 520 545 699 548 494 560 433 626 422 544 386 436 433 623 404 372 452 299 437 458 510 321 431 636 387 624 284 467 726 537 571 532 492 373 508 776 385 486 356 426 388 410 415 248 633 552 486 373 282 322 358 810 482 399 662 759 356 276 449 346 420 505 638 522 514 358 400 306 386 403 293 401 424 351 467 475 263 324 513 495 347 614 292 394 382 350 621 554 640 429 450 337 251 538 442 642 755 267 551 421 371 300 423 408 430 363 467 228 528 529 339 532 531 394 358
339 222 288 539 378 317 354 395 430 325 483 758 507 354 319 643 470 376 580 424 351 477 371 304 334 507 658 351 290 352 430 447 437 244 452 589 588 565 511 286 378 499 392 421 297 446 367 260 599 278 290 486 333 347 391 697 425 364 501 264 567 357 314 352 399 301 339 275 671 467 260 315 253 589 398 320 323 376 319 229 385 343 242 274 275 268 397 419 537 314 369 471 341 240 512 421 366 310 365 596 378 511 522 271 474 337 371 290 626 317 313 300 447 410 370 526 292 397 409 333 104 393 439 318 432 351 274 545
369 235 186 238 256 256 303 384 228 279 172 330 278 314 363 287 350 254 280 393 517 408 225 318 207 222 354 338 276 336 130 139 381 68 325 338 408 358 164 363 406 324 241 252 119 407 115 276 324 303 223 317 306 220 313 283 247 390 471 220 268 354 240 347 280 390 315 240 204 433 372 406 203 251 491 302 270 381 424 375 162 207 416 445 254 226 209 306 172 210 310 375 216 108 402 223 275 354 383 244 378 419 256 341 416 244 437 429 323 302 262 363 460 196 128 181 331 228 274 288 282 401 130 325 321 339 265 294
345 492 232 353 286 383 501 530 209 495 284 523 460 489 440 427 649 449 648 530 315 303 384 410 486 517 455 327 344 366 173 165 476 415 376 564 527 324 486 302 316 468 605 455 447 329 288 244 381 312 224 457 318 248 376 418 401 339 221 325 446 390 494 325 509 392 222 222 546 345 151 468 400 639 477 375 520 418 237 489 216 284 527 251 319 270 432 475 527 356 405 534 486 250 469 348 382 291 333 382 512 551 299 493 311 436 544 364 410 421 355 197 463 94 262 537 437 365 380 407 338 314 255 344 459 294 337 489
540 382 466 772 482 464 427 534 450 452 514 646 541 399 454 531 557 594 555 594 796 379 514 666 424 428 748 374 564 306 263 416 468 329 310 511 596 570 503 382 324 730 608 445 238 554 364 477 732 404 479 558 296 240 284 380 417 471 570 287 659 440 521 314 466 526 546 717 704 438 421 460 428 647 590 576 598 465 226 534 444 421 285 385 694 530 447 564 671 413 368 493 581 264 656 597 373 425 431 445 337 552 434 491 693 420 410 407 465 516 624 543 517 553 551 454 463 415 466 493 223 372 415 246 437 502 640 480
523 229 222 585 362 417 503 449 381 392 241 354 465 540 702 481 564 313 497 184 488 475 357 293 258 442 358 369 262 407 304 405 331 443 371 384 610 344 417 414 303 566 517 457 330 439 364 460 343 360 413 597 402 343 468 358 461 570 604 414 534 355 580 243 706 425 432 343 707 539 468 370 625 397 347 404 331 447 441 320 314 290 394 662 380 415 341 602 481 176 480 589 455 243 209 275 580 448 303 449 223 486 402 510 486 542 559 158 529 450 367 422 624 299 337 331 392 456 439 340 358 287 436 297 266 358 308 415
563 283 205 267 340 211 320 544 150 299 175 246 367 430 353 197 407 336 367 291 324 266 332 249 349 358 311 310 303 248 210 225 317 197 203 376 366 176 294 273 232 289 254 329 192 276 259 315 426 261 222 230 201 271 132 289 173 210 276 118 316 316 305 267 303 251 154 243 336 142 235 235 349 453 355 296 307 493 339 401 184 159 307 365 238 139 235 292 232 235 208 391 354 207 305 294 242 389 308 270 258 276 97 206 339 199 262 279 390 196 292 225 253 184 182 295 254 222 333 261 274 285 185 221 292 315 310 229
299 375 313 258 287 307 274 279 233 286 172 614 317 436 399 365 599 254 404 239 582 315 418 220 291 268 268 349 251 361 298 257 301 474 230 294 407 229 199 288 327 428 245 262 274 409 319 275 357 188 305 372 226 235 232 367 314 411 226 199 389 236 301 184 366 587 388 370 532 270 289 408 400 410 478 408 319 358 290 323 299 204 129 345 424 374 389 373 381 293 311 364 382 186 270 131 432 285 283 368 168 217 262 140 242 423 504 300 366 170 282 448 307 175 328 402 216 219 270 286 189 283 461 260 270 329 277 326
443 309 345 315 221 224 161 385 327 317 245 363 256 379 236 407 386 376 289 314 504 269 439 364 170 159 394 238 300 207 339 322 292 222 395 162 499 419 316 320 108 499 167 349 417 465 283 414 332 287 398 242 399 231 150 176 407 491 211 124 280 263 312 314 426 217 277 409 549 315 351 477 197 520 425 338 352 494 294 327 292 313 326 291 411 510 365 368 234 301 357 435 381 168 370 230 237 264 449 294 232 425 192 297 344 329 502 302 256 317 385 397 142 291 449 331 181 249 239 266 200 174 315 239 418 315 378 371
384 298 125 389 323 336 425 459 417 382 236 445 481 387 431 396 585 409 397 554 662 310 554 551 426 202 465 282 252 296 254 270 334 379 361 353 536 512 418 186 388 439 418 202 387 408 427 320 398 330 393 177 572 411 367 394 670 681 458 279 228 418 371 389 477 413 483 229 523 307 412 578 458 483 318 590 465 337 353 228 364 478 365 297 385 346 498 359 288 286 282 294 460 135 383 264 303 441 338 453 425 521 407 414 440 324 575 331 293 344 571 330 361 326 571 273 333 303 191 498 417 384 378 352 614 484 331 446
322 488 201 198 177 285 392 479 299 254 314 430 407 584 410 222 465 336 468 164 402 228 697 314 331 329 293 264 426 324 243 514 441 238 251 203 571 273 322 348 316 382 274 288 358 316 288 434 383 355 342 392 324 560 275 396 228 259 294 413 530 300 210 308 384 443 152 264 429 476 222 156 363 417 311 527 505 455 391 264 429 321 294 141 332 304 266 286 182 316 221 301 483 416 607 339 257 346 391 520 221 414 486 277 508 621 405 411 452 215 345 521 363 243 355 348 398 318 300 340 325 427 372 239 315 404 639 269
351 490 266 460 324 527 581 380 360 431 366 514 351 446 398 562 579 403 538 416 631 276 400 363 581 542 598 390 364 508 249 375 380 400 225 314 615 334 387 476 500 615 614 387 352 339 318 471 558 269 434 443 399 537 484 472 400 631 393 219 341 301 434 350 555 331 405 451 455 509 273 442 519 450 497 659 490 534 347 367 552 412 293 321 437 456 492 457 527 248 350 515 409 229 534 254 437 435 446 423 529 628 372 537 338 519 472 675 437 300 342 381 549 339 307 508 449 238 363 516 370 401 348 390 464 474 372 597
353 292 375 490 242 445 375 587 381 431 306 641 484 506 517 452 572 382 358 294 702 342 340 377 279 459 396 313 322 351 193 266 516 408 255 379 406 442 427 336 217 425 481 304 324 399 203 467 340 354 395 449 318 375 330 295 458 562 569 279 374 316 443 442 384 434 619 528 392 308 244 470 372 494 360 550 348 453 334 310 551 311 399 466 435 359 317 359 301 437 234 389 315 217 229 314 427 428 403 506 309 429 495 526 507 536 503 244 363 271 544 592 517 501 345 444 320 422 215 459 378 381 366 337 752 510 522 391
466 439 302 400 304 273 609 608 324 321 439 441 378 516 540 336 443 543 475 380 665 299 608 350 292 520 504 590 355 380 202 542 628 466 363 377 686 400 484 355 251 458 456 393 476 474 348 388 476 418 287 505 413 402 360 309 402 533 444 367 464 361 436 469 545 472 385 408 618 412 434 395 540 505 391 720 486 523 511 524 325 250 430 621 387 255 390 311 381 392 302 549 495 294 438 379 299 363 539 628 354 486 288 317 434 513 511 497 708 311 470 535 438 296 470 299 246 409 395 437 497 435 372 276 562 711 545 412
388 161 112 346 165 230 296 410 170 244 90 316 411 248 368 389 225 177 327 283 378 395 232 199 253 219 316 319 270 300 219 298 166 260 217 262 267 399 292 288 303 440 221 280 282 360 259 345 270 323 191 464 306 321 235 350 339 416 392 382 413 228 204 244 307 429 195 288 333 234 226 408 225 337 262 254 368 221 328 161 220 198 338 192 265 267 303 202 212 217 167 377 334 203 271 152 347 428 264 323 282 302 290 254 197 275 385 248 286 239 242 223 392 285 305 307 438 288 290 265 180 409 140 296 219 271 265 188
325 304 181 537 312 295 367 532 412 324 223 534 373 362 321 558 506 348 446 413 498 463 451 438 329 386 331 306 192 488 375 319 296 330 312 346 396 357 304 227 363 604 483 379 256 423 417 469 340 386 397 259 356 326 222 354 288 509 345 217 466 500 319 319 448 467 318 550 467 480 384 434 546 672 416 361 305 409 287 270 348 266 337 324 395 261 269 393 246 244 300 374 341 300 401 405 422 330 185 277 246 542 284 239 416 320 582 271 468 313 403 309 453 397 409 438 408 208 516 362 284 359 341 242 482 461 236 425
401 136 262 205 289 252 301 247 412 316 209 362 356 406 431 230 286 446 458 367 470 347 381 199 394 387 427 391 383 73 357 348 288 259 321 287 486 348 229 304 346 563 288 332 168 303 277 337 484 258 382 299 369 257 232 344 429 280 306 279 546 313 238 335 421 299 292 330 468 458 181 152 390 517 413 460 293 359 212 269 265 366 256 316 335 304 222 225 348 266 375 512 492 191 289 246 276 302 378 391 328 268 268 378 382 340 394 392 336 134 363 393 273 217 219 302 325 253 282 313 277 157 489 252 483 227 430 215
313 214 364 286 221 239 276 494 344 257 312 574 332 382 484 352 350 160 361 322 545 427 216 220 294 440 503 309 208 347 249 363 335 390 353 291 472 176 411 421 369 360 462 339 480 371 178 260 468 332 322 232 365 296 349 421 399 408 377 343 451 382 173 324 441 275 402 289 510 512 266 253 322 235 402 564 322 292 243 442 318 451 307 351 488 372 203 194 306 320 389 364 357 173 363 304 228 335 294 414 559 504 317 286 203 499 424 433 610 348 437 406 446 281 354 398 383 308 234 432 244 354 389 111 402 235 333 339
393 395 295 389 369 396 355 646 329 393 345 627 440 249 499 215 571 494 553 296 753 384 364 361 335 524 463 473 374 418 290 377 375 307 404 366 774 485 325 286 483 436 507 412 429 401 458 333 591 346 498 403 361 294 357 307 579 381 580 354 430 403 404 434 466 381 679 384 416 337 339 362 426 500 546 508 495 434 576 416 412 339 486 438 572 507 474 462 333 183 444 425 407 75 545 305 263 391 532 509 700 636 396 354 547 377 572 527 479 455 462 586 405 318 388 456 340 311 388 247 405 474 318 313 510 462 535 554
393 363 254 288 201 302 294 421 504 437 204 393 420 423 383 320 339 213 454 353 529 329 373 123 464 422 449 275 245 363 380 342 267 318 345 281 393 334 185 350 371 556 313 466 273 396 354 359 388 219 332 346 207 215 380 416 305 506 347 178 522 317 262 305 276 468 358 380 455 530 280 449 307 377 438 417 248 408 384 393 346 248 285 382 412 344 230 438 256 289 308 417 528 188 459 84 262 446 362 427 318 362 313 252 492 275 564 318 314 327 361 358 439 199 269 343 288 357 449 277 218 320 303 330 420 353 304 328
530 209 229 444 369 475 273 639 580 444 216 578 340 577 433 347 726 380 524 366 693 353 493 349 441 433 466 275 213 494 274 415 403 310 360 446 470 360 282 410 348 427 585 278 257 407 391 440 618 305 456 219 319 260 299 453 286 489 416 318 559 338 311 338 435 389 537 500 363 489 114 318 445 508 327 533 530 427 323 398 552 320 318 427 383 530 284 223 502 403 319 342 570 508 626 176 296 511 405 641 340 434 234 230 618 498 747 232 463 340 428 590 430 391 305 696 323 332 561 325 349 228 477 319 595 434 547 509
382 306 216 609 324 327 269 633 225 228 275 414 344 208 393 523 361 256 328 351 480 326 470 552 367 214 347 215 215 400 141 221 334 343 398 419 481 357 321 228 290 368 432 164 277 375 285 209 432 190 301 341 275 245 241 275 383 435 566 189 259 306 336 239 320 354 431 333 305 325 272 329 491 525 448 465 387 211 331 244 390 325 358 151 247 370 413 325 389 122 297 277 127 128 376 262 435 434 205 333 232 420 355 311 471 194 394 153 411 342 396 426 496 229 229 277 310 337 258 276 167 279 287 351 317 300 375 335
266 268 386 295 256 419 362 534 399 277 363 606 287 470 440 317 530 398 434 315 607 230 374 386 418 190 478 319 297 325 125 147 542 358 315 511 624 385 422 433 490 543 355 201 312 423 280 248 625 276 379 398 301 318 127 397 398 455 496 174 326 231 473 355 356 273 398 501 320 271 253 405 436 339 457 392 569 339 284 302 439 234 347 332 310 328 254 404 364 178 316 444 226 274 312 244 214 360 335 435 340 327 286 481 417 264 455 236 379 243 301 523 279 113 219 429 343 283 151 396 397 204 431 218 428 547 416 423
350 380 185 555 185 281 284 441 537 590 321 504 516 370 426 517 643 334 375 354 463 243 376 392 415 273 468 277 249 345 140 271 464 231 190 412 643 608 443 359 498 355 313 359 457 390 360 419 567 230 380 223 237 303 369 365 302 422 383 526 388 157 297 184 393 471 327 397 399 467 359 463 400 385 456 455 450 413 329 266 303 352 328 264 507 411 476 405 265 217 332 376 371 289 343 209 338 297 354 377 361 535 319 399 290 254 362 285 415 230 120 491 376 440 361 317 457 358 396 554 211 489 239 261 476 386 339 529
418 196 238 307 235 308 261 518 346 168 205 465 377 358 431 308 364 233 550 207 316 247 260 264 412 237 344 237 207 238 228 151 240 116 305 308 488 392 264 227 195 332 267 253 235 320 322 343 404 109 287 328 151 236 264 397 363 538 321 178 476 190 336 188 325 220 195 397 318 469 245 204 322 241 300 272 429 243 344 366 353 138 359 421 243 316 247 282 174 211 312 249 279 308 302 231 237 384 329 385 117 258 256 329 503 425 412 260 411 294 205 307 333 276 178 406 241 295 268 254 215 182 243 141 292 302 238 317
254 291 285 388 242 337 252 304 149 217 268 507 239 352 464 237 513 419 372 290 252 259 232 293 311 157 418 404 284 131 172 313 245 154 341 264 580 254 284 274 455 283 381 381 407 250 264 348 309 376 298 383 458 238 372 194 356 480 227 241 183 247 269 252 439 304 259 253 459 187 272 312 259 235 422 388 418 407 367 315 289 207 284 240 329 330 221 270 189 65 328 341 415 156 345 280 272 215 298 320 452 509 210 328 362 279 400 502 484 427 343 392 252 139 271 286 261 167 132 359 328 286 362 164 401 219 196 345
344 250 146 371 346 386 450 385 375 511 296 475 421 267 451 317 591 294 463 385 237 297 249 363 493 510 409 306 424 211 221 275 396 334 390 397 431 478 393 296 350 462 515 286 296 360 200 395 460 234 304 341 270 475 529 370 496 474 410 412 323 265 279 423 592 415 462 455 491 241 288 261 333 439 425 432 346 403 327 122 347 317 370 204 417 371 195 372 420 193 258 475 353 255 537 116 354 255 290 418 305 328 472 516 295 438 304 291 330 299 269 228 446 300 275 502 456 243 378 224 358 222 251 226 429 394 279 318
375 286 227 407 282 272 315 309 271 373 207 175 333 260 361 210 412 228 421 368 479 204 425 326 230 350 496 206 522 258 281 341 402 128 197 428 515 398 306 340 192 259 377 371 214 432 164 390 396 209 228 435 205 352 176 320 380 299 666 224 471 199 401 380 272 392 373 405 434 197 373 355 208 366 392 462 434 411 496 266 395 230 337 417 245 304 371 364 201 95 215 329 351 244 411 129 365 384 474 399 248 479 452 306 466 263 322 247 280 167 238 307 383 325 266 245 439 239 274 294 282 252 212 390 277 309 372 312
308 473 306 277 186 517 479 389 458 386 344 691 384 572 446 398 486 483 587 438 529 393 672 510 539 342 488 370 449 263 374 299 423 392 457 283 672 511 487 329 345 675 339 353 406 460 329 456 435 368 545 280 412 346 406 223 595 450 404 190 599 477 319 548 671 358 431 308 562 302 141 392 466 504 448 484 504 571 346 174 354 561 517 242 381 417 367 471 440 288 501 467 377 361 617 389 297 383 365 514 480 490 397 554 385 337 572 406 398 192 296 450 482 257 406 451 379 394 279 374 548 377 588 375 508 487 518 368
353 404 296 385 339 227 259 417 345 348 252 469 278 193 232 367 326 414 257 299 580 483 528 293 270 254 416 386 336 375 251 292 428 241 419 369 502 358 208 227 256 447 560 336 429 385 142 487 387 342 347 227 422 241 320 233 352 475 451 208 345 377 304 289 363 266 406 324 588 280 269 353 497 579 450 392 472 347 290 184 353 418 213 336 315 395 382 294 211 368 281 373 378 203 289 250 233 440 339 408 478 517 292 225 378 298 752 392 575 206 416 397 448 322 352 349 395 280 166 201 294 263 228 222 325 234 192 488
300 354 201 409 237 124 390 424 270 310 284 479 375 468 381 374 309 238 323 450 607 170 447 336 303 343 369 306 226 213 364 225 244 312 308 338 321 184 242 323 264 297 226 400 403 308 322 252 350 158 219 314 244 348 143 425 335 480 274 267 387 338 388 191 434 409 380 271 591 291 432 343 456 317 401 396 266 451 477 336 378 223 312 347 461 153 226 439 198 209 397 324 305 177 191 225 321 290 343 300 263 324 362 204 338 213 406 416 434 310 413 256 303 221 314 169 358 239 227 258 169 494 312 261 288 375 240 256
411 375 408 279 271 381 502 287 425 401 271 503 400 601 490 382 487 315 537 254 624 366 356 269 262 460 440 345 381 437 242 346 409 350 362 299 572 358 330 471 431 489 538 283 185 522 244 365 457 265 403 418 548 549 386 561 320 405 626 332 452 335 471 283 411 449 268 471 469 567 295 505 362 547 402 403 413 504 557 215 311 463 320 460 427 337 352 281 487 271 529 486 249 255 333 320 486 572 319 619 341 690 359 489 259 452 499 363 632 457 455 430 656 358 222 461 297 425 433 373 358 432 379 336 528 502 229 514
631 269 263 548 356 386 297 606 234 615 154 549 361 376 407 480 655 435 405 420 540 244 357 316 422 406 521 388 365 280 216 364 446 178 309 423 550 387 291 422 409 173 532 411 286 510 215 473 526 336 331 356 152 328 218 298 350 565 395 550 561 401 379 322 390 420 532 357 521 399 217 368 367 531 429 463 537 543 337 402 383 275 408 397 368 384 329 521 266 350 555 344 492 319 269 227 398 291 361 501 155 332 418 453 429 449 426 282 411 347 588 640 472 363 436 353 441 258 306 306 294 431 217 451 435 416 600 299
579 502 329 409 275 235 376 565 433 553 294 704 666 599 600 574 517 234 664 478 553 386 526 389 456 517 525 407 376 507 354 574 587 400 229 547 678 447 383 457 421 311 430 530 490 394 232 412 555 389 313 320 323 455 400 489 510 368 481 405 512 331 244 278 419 448 317 297 342 504 226 261 388 413 332 522 478 502 449 488 518 316 441 316 471 454 367 421 187 661 549 322 497 291 421 345 417 356 474 645 331 670 451 406 543 649 478 261 748 208 589 473 531 483 422 460 456 409 473 476 271 545 183 328 621 336 456 464
337 228 250 229 280 134 409 265 208 364 127 434 359 224 341 322 318 334 397 214 420 286 333 273 279 299 412 361 157 398 126 234 340 334 227 291 395 294 311 195 283 260 392 258 280 323 331 173 443 200 225 292 257 155 255 302 293 482 334 194 303 255 164 154 312 303 237 244 464 351 187 242 226 329 227 426 318 170 208 404 252 181 383 384 439 358 313 357 356 319 347 275 359 188 192 117 252 205 226 255 295 305 312 409 226 305 579 430 315 205 547 271 360 271 309 271 337 181 293 281 357 420 228 180 374 325 258 192
381 299 294 535 227 539 430 550 331 519 169 568 483 423 653 432 464 358 532 446 615 354 382 312 440 630 463 472 462 426 361 254 514 375 397 513 434 518 325 318 481 633 422 448 224 426 438 461 458 232 258 719 335 601 567 599 414 572 431 422 398 163 297 511 334 540 395 574 477 418 334 637 645 735 515 574 467 559 390 385 536 407 445 455 392 506 270 411 510 332 466 595 403 398 437 508 420 527 521 539 444 480 523 483 491 444 617 571 292 406 434 447 570 346 252 369 506 564 517 403 352 565 399 439 419 490 479 452
400 277 373 545 351 369 340 574 438 476 140 446 549 359 486 601 441 378 473 634 672 434 607 405 324 454 556 346 260 286 347 444 425 412 295 329 578 678 375 244 264 302 484 333 260 355 393 371 508 300 438 315 321 266 403 354 381 675 503 319 603 298 206 382 419 390 492 289 693 437 163 408 294 452 222 499 475 546 234 384 401 361 392 313 345 385 338 276 328 423 359 271 437 420 438 214 225 314 443 323 388 325 334 494 489 327 523 468 476 407 513 426 495 454 428 313 339 340 324 331 440 202 302 352 609 292 400 395
394 334 288 383 322 393 499 407 246 293 250 709 289 233 296 455 495 278 356 370 457 403 253 272 388 214 515 375 342 318 266 228 317 273 270 463 466 473 436 302 383 375 439 487 203 373 296 287 345 235 321 357 337 264 377 380 395 453 361 174 505 318 306 420 444 369 436 249 395 300 226 449 325 513 353 409 175 355 411 337 186 237 334 197 294 319 339 417 317 507 235 489 315 145 441 145 331 466 285 387 367 221 336 336 392 334 487 285 384 336 456 228 435 218 397 427 230 215 247 317 374 305 321 345 378 340 306 293
306 359 257 328 154 296 314 350 273 299 304 482 471 443 428 355 443 301 689 220 281 315 207 183 333 320 327 413 271 231 316 334 234 183 296 373 442 303 323 329 404 274 324 307 321 265 246 354 463 152 340 155 173 350 432 487 297 355 230 211 340 314 289 268 407 299 339 325 448 423 138 307 389 361 380 379 258 273 327 385 368 190 164 319 483 107 223 301 282 264 233 310 440 154 193 124 333 284 329 482 308 453 264 272 261 457 381 378 209 175 310 268 386 425 255 406 296 174 390 362 319 285 223 187 476 253 267 345
361 283 292 256 234 279 265 458 347 399 237 433 348 413 342 288 376 384 442 372 556 413 352 469 358 360 431 363 183 298 204 190 184 341 320 180 449 287 427 266 205 468 316 367 524 389 256 278 246 328 219 240 335 201 181 154 329 473 176 225 247 403 363 266 340 380 249 337 507 231 209 477 386 405 421 247 412 172 251 256 221 296 276 258 363 127 410 295 199 204 283 444 320 129 316 297 151 215 241 572 328 311 300 230 205 199 639 244 328 367 343 229 253 233 448 405 243 266 253 254 210 306 277 251 494 386 419 370
441 286 104 281 250 254 260 374 382 388 185 388 262 281 310 299 320 184 391 208 422 278 236 270 294 260 193 242 182 275 187 238 311 163 176 220 468 310 142 130 391 273 195 257 301 408 143 284 273 209 249 312 254 310 332 318 357 401 424 216 388 375 370 191 302 445 317 168 412 352 364 416 328 351 419 311 222 315 463 318 401 329 297 346 344 345 475 490 124 226 176 390 351 106 316 143 281 447 305 307 224 323 269 460 325 296 402 326 280 224 256 332 446 256 346 139 213 242 371 368 208 297 275 194 332 231 212 210
464 301 373 426 322 352 417 366 314 361 192 459 415 349 446 266 528 385 605 379 548 316 400 381 372 309 476 504 513 212 297 259 321 399 274 331 451 305 303 188 208 617 430 249 210 465 320 347 473 273 338 347 358 172 323 425 523 413 450 89 357 273 281 262 334 475 448 447 401 257 152 398 326 525 306 491 511 386 290 285 293 234 249 246 546 309 267 345 445 227 231 286 342 263 488 183 279 312 129 375 383 474 463 230 418 377 317 277 269 321 401 360 246 274 462 606 401 276 477 260 377 318 367 316 371 437 302 142
387 162 230 386 328 526 307 427 378 225 198 526 374 398 325 361 362 247 566 339 496 257 323 218 315 339 330 428 238 365 202 184 472 125 303 348 541 262 310 176 405 418 429 312 256 387 283 227 473 276 272 318 324 315 399 335 389 438 399 361 297 238 197 325 434 377 276 304 340 334 266 329 211 311 412 369 594 473 274 251 334 242 262 238 348 375 192 369 210 371 369 277 448 245 221 275 291 269 237 359 346 320 314 339 374 455 402 378 346 292 307 526 355 184 425 204 368 391 342 276 251 506 345 281 373 514 315 306
488 265 359 446 400 270 285 605 407 411 279 562 342 356 407 527 528 372 679 639 500 459 410 476 250 437 507 472 461 343 357 272 391 337 428 443 404 384 475 293 415 535 545 324 257 474 313 380 610 208 538 200 268 304 455 638 399 586 345 293 439 466 309 365 492 319 408 386 516 331 193 343 350 665 392 367 444 602 319 256 421 594 456 150 274 247 262 207 503 253 409 325 334 283 463 316 212 451 166 311 514 374 344 446 308 232 395 252 290 536 440 408 463 423 393 439 427 224 395 430 259 386 371 305 451 341 270 283
494 476 465 491 333 545 491 556 302 508 229 571 492 512 413 583 580 425 631 279 703 218 502 502 474 368 582 474 431 369 357 363 546 267 283 374 687 532 442 380 218 470 553 355 304 662 318 377 488 192 553 247 339 379 358 344 479 573 479 231 390 346 267 392 398 384 411 298 441 404 173 457 282 485 314 646 496 579 372 224 508 451 458 262 499 471 245 281 392 368 383 391 308 254 420 242 370 575 286 466 446 505 376 599 334 485 406 387 474 438 520 452 415 409 461 435 459 469 358 498 529 326 398 354 538 455 356 289
473 319 360 528 225 257 408 506 519 457 292 478 517 331 493 478 534 347 390 349 534 300 574 333 344 510 362 468 130 359 241 320 354 430 260 322 547 451 404 290 330 505 356 391 570 455 442 394 425 270 274 334 390 392 303 456 512 386 622 321 455 347 227 404 584 692 439 534 458 366 357 283 549 387 364 696 315 528 474 398 384 368 473 292 487 330 248 383 317 236 253 490 402 444 306 184 430 398 385 428 495 677 534 439 211 367 513 452 510 332 434 577 343 337 346 538 459 355 384 399 338 461 365 273 598 472 397 384
572 232 350 367 309 334 379 407 350 519 287 653 474 490 334 184 599 361 576 317 592 402 388 497 312 428 523 364 373 279 180 392 291 358 502 346 593 397 281 338 352 575 429 329 460 502 300 326 514 172 236 343 248 331 357 385 368 501 234 304 401 359 294 324 583 534 386 430 652 303 342 270 419 553 421 432 479 595 250 419 310 273 303 294 526 316 374 273 525 259 429 213 400 230 410 294 382 318 241 585 450 410 421 506 545 474 607 377 379 396 454 533 418 317 418 493 391 470 305 300 387 279 337 220 409 299 392 290
355 357 324 248 215 271 258 514 226 324 268 340 356 465 340 396 311 313 331 425 470 243 565 425 256 263 286 358 277 242 315 337 346 361 425 161 418 216 168 163 136 430 356 367 284 548 324 356 250 216 271 261 234 376 234 205 402 352 293 378 555 206 170 384 308 251 312 297 484 286 192 349 342 280 273 409 248 628 286 265 294 419 428 279 266 350 295 293 322 358 249 263 132 255 387 262 308 315 279 394 264 297 355 347 274 437 339 283 319 346 326 385 190 345 291 192 275 416 250 335 325 162 308 225 393 258 428 285
547 437 258 427 468 466 485 511 415 487 286 253 346 452 544 409 797 283 741 386 518 400 468 410 293 548 590 381 449 330 474 338 420 471 366 458 605 464 437 303 408 327 598 549 402 565 366 503 624 265 314 661 452 555 315 617 592 328 447 357 568 297 556 411 438 524 501 527 399 458 328 438 434 618 487 697 378 692 464 410 485 527 459 478 392 512 396 492 500 216 281 462 563 247 759 231 471 495 517 461 328 484 395 482 512 375 560 373 321 402 399 450 439 399 455 326 346 353 332 475 375 386 299 394 414 514 490 300
408 480 216 436 322 420 404 486 435 710 193 303 423 588 620 400 358 441 452 292 464 281 475 371 402 549 354 507 359 302 373 396 379 360 326 316 635 355 299 406 327 498 354 503 307 390 279 666 269 440 448 526 364 563 441 328 312 494 411 400 563 567 452 468 523 435 340 427 469 524 335 448 603 494 401 466 515 479 472 408 478 464 411 476 382 379 344 632 254 271 441 590 522 364 351 425 324 464 433 440 387 536 549 367 415 453 535 495 493 406 410 658 481 244 307 376 348 342 298 401 462 368 307 446 467 559 426 460
315 164 94 310 323 119 215 456 314 318 265 375 410 334 406 382 289 269 472 471 255 318 461 304 320 387 332 385 198 438 272 251 141 233 281 325 328 481 406 293 400 426 479 330 305 539 334 179 417 227 212 221 218 273 249 455 514 377 483 378 509 350 211 256 397 354 321 316 396 474 224 337 346 420 343 716 218 248 446 230 338 281 367 473 224 235 266 478 383 313 377 286 271 276 336 134 413 267 373 300 190 264 260 396 187 337 297 284 394 273 369 410 314 384 314 216 418 239 241 411 315 332 231 270 476 330 304 302
373 287 87 380 278 359 232 475 470 185 217 384 311 341 369 394 498 340 316 241 484 113 320 210 337 382 327 319 174 331 198 407 250 286 152 218 634 324 352 201 165 390 186 276 247 420 277 348 262 155 288 277 246 251 315 267 240 339 361 229 410 249 465 222 319 341 311 224 265 411 173 315 284 429 334 230 304 273 320 288 260 192 184 184 241 184 404 322 192 270 357 302 293 177 245 213 276 328 326 426 237 372 505 291 360 251 324 162 396 374 217 642 266 256 283 270 145 358 184 352 172 287 249 221 361 352 284 251
237 479 161 294 227 372 259 527 432 388 272 495 375 409 338 376 517 215 462 343 356 422 464 309 344 276 273 305 322 458 143 242 436 211 264 264 339 401 230 246 396 403 280 424 315 358 198 468 275 418 407 291 263 324 448 360 430 607 289 276 197 278 185 431 473 615 362 301 266 396 292 408 367 410 410 421 463 324 324 186 354 291 196 267 381 444 320 332 128 325 176 349 441 213 471 153 365 285 278 479 278 570 408 419 512 494 388 342 307 187 140 502 328 311 286 418 221 319 332 595 373 398 378 298 562 388 370 449
311 440 213 366 447 346 254 438 417 485 232 683 460 466 630 515 598 349 417 318 323 207 265 335 626 338 538 379 235 348 226 81 453 423 416 639 556 659 522 193 378 506 482 363 241 494 260 313 425 241 385 413 337 414 545 353 572 388 550 313 491 370 446 345 318 434 484 455 395 408 323 392 477 518 491 531 357 366 444 202 364 516 412 418 402 613 334 659 333 406 437 424 393 234 453 381 389 421 357 340 209 254 481 296 496 348 284 378 618 279 500 503 459 258 335 332 194 484 285 459 383 295 524 355 594 477 322 418
365 215 240 394 122 472 298 373 381 334 237 372 403 342 281 235 442 309 262 351 566 302 437 351 223 335 359 208 176 224 241 357 445 252 298 181 457 265 214 254 284 310 432 222 348 234 313 326 283 304 217 268 207 225 318 218 298 407 468 331 364 87 247 235 320 276 318 280 461 161 174 303 362 250 291 466 475 390 292 178 367 197 281 303 197 359 163 372 255 353 207 247 274 200 295 135 162 269 361 408 210 517 396 201 497 392 630 306 402 274 256 450 216 164 151 385 261 332 254 157 320 257 308 359 453 304 279 421
437 379 317 635 283 485 416 535 169 408 287 467 337 496 444 412 470 335 346 367 385 366 439 297 377 258 196 330 310 239 344 305 308 293 211 296 576 340 441 233 349 390 337 320 206 362 399 326 277 300 443 357 333 506 255 462 443 538 297 422 382 435 231 312 516 441 374 419 461 247 253 413 431 512 336 292 411 384 324 295 487 447 180 213 270 327 283 397 271 263 257 351 258 360 277 424 235 392 220 320 291 453 478 216 469 444 233 267 259 394 404 434 445 252 316 264 275 329 187 436 267 458 267 227 378 465 401 506
452 516 522 321 287 419 551 789 430 654 328 607 328 510 486 660 764 502 732 414 630 659 603 574 293 484 508 574 259 338 467 433 421 532 378 473 757 560 481 274 441 383 552 644 517 436 308 471 842 675 403 417 504 513 469 503 507 693 489 461 569 485 309 401 603 381 441 491 757 556 333 380 403 558 430 807 468 425 436 508 500 500 606 495 344 407 353 524 414 308 486 386 416 406 519 300 441 477 388 485 433 540 374 620 431 544 810 454 539 474 826 427 678 473 410 522 548 327 471 311 394 605 341 415 550 326 556 463
292 440 206 605 377 342 241 298 420 265 284 357 340 326 458 501 481 279 431 417 233 495 529 257 397 328 369 263 411 433 376 239 497 375 363 448 603 326 337 270 413 282 334 344 292 328 294 305 464 244 393 295 422 379 317 525 329 382 417 180 309 403 363 323 349 345 429 265 392 421 168 351 348 636 402 431 279 260 367 326 463 467 202 362 194 354 289 427 343 327 285 415 417 231 342 265 273 385 265 247 366 495 401 404 249 379 362 376 423 212 341 437 392 241 272 349 289 244 257 516 300 272 468 372 492 275 320 448
498 348 345 366 347 288 493 425 301 344 336 509 349 466 497 304 350 386 367 382 390 310 367 300 287 352 447 350 321 522 132 117 397 218 272 323 515 450 299 391 352 479 324 330 231 432 278 336 510 241 332 354 340 337 375 479 420 375 402 293 393 254 208 190 297 368 297 385 277 295 310 567 223 389 322 212 417 396 482 285 362 329 212 339 455 429 385 339 435 417 325 463 289 176 329 244 315 445 252 443 356 514 167 173 246 369 208 128 426 236 414 392 423 377 330 371 175 507 289 428 316 362 320 319 400 573 341 353
318 272 127 144 203 236 214 368 262 334 142 398 169 286 340 222 238 108 390 77 219 267 279 267 210 220 272 273 166 256 322 223 277 228 251 197 531 218 185 158 301 334 153 367 144 276 171 403 248 312 215 306 193 508 250 263 239 216 340 381 345 211 186 381 339 177 204 267 137 213 312 240 369 383 257 282 233 225 279 111 255 385 116 223 195 392 284 261 242 214 208 211 136 221 247 258 279 342 105 335 57 386 349 244 214 442 293 136 404 252 257 352 371 221 263 240 271 153 277 104 163 195 262 149 212 244 142 105
502 334 236 369 334 368 403 416 227 356 255 720 307 314 499 463 576 553 438 266 615 477 311 376 282 456 523 583 200 343 306 242 558 299 380 359 554 384 452 298 363 503 477 377 327 120 266 441 541 448 245 531 411 395 490 340 289 553 564 340 341 416 347 439 633 455 244 501 389 306 256 359 396 681 442 507 402 516 323 296 243 351 646 320 209 307 259 307 394 247 399 654 314 311 480 414 283 359 282 348 444 639 433 403 521 303 698 479 653 507 466 386 477 256 230 638 223 237 295 225 391 436 370 373 583 556 422 316
307 362 160 306 413 295 216 406 119 305 184 447 239 224 329 312 391 201 399 280 336 220 427 275 343 224 294 312 147 281 279 191 260 281 153 258 652 246 286 93 232 565 332 302 69 384 281 294 316 303 295 390 213 351 287 312 443 348 276 217 388 345 235 236 306 346 314 361 299 256 174 222 270 502 313 371 282 328 290 275 449 395 318 212 200 323 429 370 248 149 264 342 401 290 467 241 259 404 234 213 218 310 427 258 380 309 371 228 287 429 267 249 394 228 362 309 370 169 278 398 265 164 313 229 189 292 320 267
443 453 244 371 344 236 459 681 530 460 501 457 591 588 539 464 546 414 742 414 737 505 606 369 578 488 462 466 317 526 303 480 618 415 378 363 740 363 482 309 499 657 723 495 569 511 439 206 677 354 320 270 341 449 517 438 492 673 561 436 385 390 399 271 544 471 351 332 709 493 432 563 458 389 571 618 443 535 464 307 241 394 487 508 370 351 402 585 461 293 438 486 513 348 658 364 425 505 451 699 439 508 293 366 402 348 661 483 683 435 339 395 567 218 507 487 561 546 362 426 290 605 409 347 440 541 275 450
369 377 226 251 216 163 302 368 256 499 333 326 481 359 371 267 411 275 331 232 380 251 443 269 390 438 351 262 291 321 222 328 264 373 337 378 287 441 319 397 422 427 480 359 282 424 251 250 424 238 86 324 255 301 214 443 339 327 323 361 440 459 233 259 299 491 451 327 449 313 214 314 332 294 309 537 306 396 388 319 337 329 335 361 410 209 143 304 393 291 280 232 203 253 434 109 422 365 258 271 350 349 333 339 307 339 149 284 329 156 357 236 439 423 202 242 242 310 295 363 335 333 135 215 454 426 325 431
547 399 402 315 253 247 300 629 557 354 168 499 270 529 248 451 457 180 620 399 439 377 471 227 360 188 437 337 392 264 306 236 477 456 351 237 486 393 302 245 339 390 253 463 421 478 270 397 490 338 529 435 339 315 359 338 499 612 470 123 523 322 375 340 407 339 420 259 468 415 214 420 347 422 360 322 488 461 492 188 262 451 373 277 364 439 416 289 307 294 268 309 263 178 351 195 315 470 280 416 362 523 323 333 487 453 555 286 456 227 363 458 438 374 292 371 252 312 399 321 306 349 466 241 514 443 235 309
496 462 196 468 324 330 335 736 326 438 187 605 468 379 505 687 567 370 426 276 529 486 403 461 349 387 444 309 332 429 379 378 403 477 251 488 705 594 472 226 325 489 471 635 424 469 291 339 516 328 316 480 414 421 422 358 464 674 216 592 592 433 376 298 636 498 297 529 457 610 328 402 400 519 488 647 428 405 447 517 268 491 544 281 312 369 468 498 277 358 444 412 422 406 450 425 298 295 235 372 448 424 567 514 360 491 361 325 523 609 398 570 457 403 394 357 441 384 285 379 352 450 361 321 411 334 337 317
381 155 279 295 329 225 270 534 407 385 175 368 422 335 509 369 249 122 351 275 415 191 231 93 380 308 234 396 204 313 293 189 335 141 413 466 297 390 162 208 211 200 230 269 351 386 210 384 483 185 245 231 227 329 320 494 391 341 336 368 372 243 214 220 350 293 195 224 568 401 223 235 313 264 166 273 450 301 369 193 304 252 253 233 358 398 148 181 227 264 375 202 397 421 249 241 270 355 308 312 369 100 165 234 194 150 165 240 437 101 253 347 245 133 367 249 307 426 266 251 286 250 179 301 280 287 235 221
93 345 77 323 184 549 248 394 280 427 120 587 299 207 328 306 299 171 494 286 291 370 274 206 304 267 273 233 183 296 305 148 198 176 270 332 364 345 247 253 187 493 218 357 121 211 217 250 272 262 232 371 151 246 329 359 272 401 275 136 346 216 266 273 271 243 254 245 226 310 200 337 405 454 154 281 261 151 155 225 304 192 155 361 173 115 180 408 167 298 236 362 317 225 253 71 179 323 202 310 217 269 499 334 312 308 410 130 253 205 337 285 421 154 148 292 210 201 171 240 184 289 300 246 355 308 155 305
444 351 193 331 241 279 373 445 378 325 197 515 429 247 403 451 481 441 307 276 461 314 522 370 314 410 355 417 318 329 290 416 367 256 276 324 395 517 321 282 301 368 302 409 293 494 405 355 411 165 323 343 178 342 340 401 372 376 347 334 349 222 174 336 362 329 205 301 338 326 345 299 315 337 274 572 433 554 307 230 293 328 436 364 439 451 205 381 308 363 471 378 442 259 277 225 394 277 348 317 275 496 384 347 235 195 361 323 288 238 300 377 278 479 315 341 284 378 146 341 370 413 161 278 407 387 326 367
316 243 231 227 243 202 254 350 401 415 204 410 326 330 314 326 464 188 405 217 554 181 348 322 328 324 519 249 229 303 248 193 250 333 297 425 395 370 250 374 279 434 329 325 250 377 225 195 487 221 237 285 189 366 309 508 334 261 355 258 325 261 250 325 393 371 351 458 274 321 317 146 371 313 530 574 424 412 287 397 267 216 254 233 318 384 331 252 445 274 333 173 341 288 422 198 225 219 337 268 261 165 259 310 387 231 264 256 162 214 285 441 322 186 220 345 379 266 364 285 246 295 150 288 242 402 425 376
335 345 156 281 270 312 419 411 442 267 226 474 271 443 396 415 459 277 424 242 454 401 336 295 156 529 322 368 199 309 344 409 389 255 335 302 451 291 433 283 313 279 450 332 368 359 283 408 277 339 352 321 561 328 319 426 400 359 385 344 207 222 272 223 437 367 330 259 443 368 283 198 291 382 405 523 258 399 287 283 416 238 162 305 403 208 261 297 270 204 140 300 254 295 241 190 258 320 193 521 472 462 458 338 317 307 392 213 541 332 351 317 358 334 264 441 275 283 373 363 347 333 251 128 522 323 272 370
273 346 212 377 234 261 263 377 147 132 144 425 200 312 377 356 453 189 376 215 351 94 327 230 315 153 230 492 139 221 126 187 241 215 265 294 451 150 143 182 302 283 230 150 290 231 233 372 298 179 327 362 365 243 281 261 283 254 311 223 329 263 255 241 350 311 228 297 237 263 180 307 493 361 445 281 417 330 213 245 173 290 226 140 250 348 181 319 183 177 301 273 281 117 226 162 210 204 213 404 179 368 336 220 409 184 401 296 178 227 334 463 310 173 198 258 247 169 246 156 226 380 321 217 229 234 334 198
439 498 344 282 403 404 297 314 402 333 413 421 348 439 493 433 563 521 471 360 610 394 477 583 333 152 574 261 308 248 364 261 271 327 220 435 514 306 368 264 464 528 427 482 143 412 238 266 714 348 524 211 461 440 163 471 376 504 369 340 347 353 444 390 476 349 522 467 460 404 336 278 257 401 472 499 359 597 471 214 319 457 319 246 377 227 265 474 462 184 291 469 288 332 588 347 219 410 350 408 322 501 307 397 373 318 576 478 384 521 378 364 231 322 259 348 264 220 301 340 291 309 503 280 449 539 493 522
375 349 132 346 210 328 217 378 494 400 330 304 389 416 210 337 311 210 277 297 365 221 363 321 442 217 244 195 215 328 241 363 460 376 296 239 484 206 280 374 324 297 363 254 535 404 150 328 415 133 213 103 197 269 268 369 403 204 343 415 236 198 313 142 389 318 257 280 393 426 197 329 430 419 362 362 317 333 198 147 332 365 268 59 309 291 218 352 231 336 254 352 201 151 385 165 162 440 189 409 226 431 284 316 176 398 398 149 541 262 291 300 286 231 245 382 379 294 350 323 223 175 192 232 495 261 168 213
340 293 331 514 351 313 240 428 406 382 273 522 433 286 365 369 320 391 623 352 503 304 459 418 325 409 385 314 372 378 209 376 446 266 347 507 413 398 356 163 292 348 380 436 331 393 90 349 611 304 322 457 202 327 440 306 332 553 630 298 366 398 253 458 225 312 318 379 433 303 353 308 292 490 341 588 542 329 271 301 380 298 284 412 284 334 302 286 261 257 323 337 358 201 238 387 333 386 305 498 338 388 494 372 330 388 410 572 685 264 504 486 443 216 229 293 382 283 324 358 312 273 472 339 437 359 411 356
369 207 258 301 293 350 308 567 450 365 167 383 269 260 265 279 385 204 346 293 410 343 361 210 199 241 255 243 203 237 217 98 374 347 276 307 424 332 250 223 219 353 225 266 207 195 214 419 481 308 243 331 230 299 251 369 316 327 443 343 339 106 326 170 252 218 219 344 384 358 245 358 336 516 288 301 457 259 355 201 195 230 319 271 283 321 142 350 240 265 319 296 469 251 184 218 205 484 334 261 240 286 321 171 308 217 487 211 289 210 432 476 414 189 286 322 427 325 215 201 226 392 238 353 366 385 274 345
477 253 235 344 246 237 404 295 227 430 156 344 301 182 336 241 280 210 340 230 241 58 290 321 291 304 249 337 271 233 110 197 235 238 228 289 358 372 244 233 381 322 353 285 331 322 247 376 221 143 253 450 177 285 165 133 234 268 392 428 388 356 215 317 349 430 276 343 374 189 282 295 356 367 366 539 345 285 344 137 317 408 284 228 288 287 130 390 290 279 345 280 170 142 212 198 298 243 289 499 176 364 348 336 195 329 229 219 317 231 356 360 313 320 225 162 287 241 282 215 295 300 260 129 373 519 305 270
368 202 161 310 211 308 328 388 442 509 269 437 536 571 281 257 535 322 341 327 406 264 491 427 313 459 392 355 304 396 220 443 292 264 401 247 416 377 242 381 301 545 370 377 320 498 246 456 384 257 351 300 302 330 478 225 308 537 225 179 245 266 87 410 437 376 243 378 528 332 375 413 389 301 517 443 355 476 292 338 163 255 248 390 227 257 279 325 274 373 159 247 387 181 623 234 254 347 287 656 335 459 358 367 418 372 335 329 311 182 259 473 453 249 110 361 200 388 390 239 416 315 394 318 438 298 236 458
258 517 380 298 311 361 578 371 364 500 400 473 458 456 584 477 484 363 667 333 614 408 413 425 328 490 534 422 480 420 450 169 450 215 433 455 607 563 291 388 385 584 385 339 124 517 300 280 502 250 530 375 438 628 422 800 591 306 460 263 354 362 373 398 522 444 508 449 477 599 379 301 460 555 547 604 407 475 477 353 584 464 403 422 534 511 424 488 407 304 420 483 489 293 554 360 429 601 500 314 395 560 269 567 525 542 508 551 433 403 570 236 528 314 458 448 467 426 440 408 321 490 290 366 515 448 457 493
355 306 404 477 328 217 219 409 349 379 297 325 251 358 309 405 574 273 473 519 320 200 528 377 242 321 578 213 124 274 224 152 535 294 330 434 571 451 473 178 180 256 385 246 282 342 408 257 404 251 294 293 264 237 278 435 499 382 321 282 434 320 366 407 249 290 480 379 377 385 235 461 300 347 252 384 294 309 223 469 348 409 290 301 228 210 252 285 327 361 224 218 292 228 468 312 181 371 432 526 357 519 451 282 446 167 347 282 343 476 448 426 276 284 297 272 126 301 247 431 329 262 298 183 427 430 408 327
277 121 115 234 222 224 129 400 236 324 92 407 399 305 260 300 242 262 245 168 416 188 294 357 263 379 358 192 297 195 101 355 284 195 298 271 349 289 190 225 228 362 295 242 247 289 237 221 292 172 163 294 200 343 301 354 233 255 373 194 290 163 112 228 207 342 146 335 224 224 279 188 357 328 360 602 420 435 180 307 344 237 221 170 283 187 377 200 169 294 252 236 363 151 346 231 147 298 276 279 200 206 384 134 435 139 385 377 355 183 232 346 351 256 49 220 267 216 250 210 158 337 242 259 320 204 261 153
349 343 128 415 279 306 315 459 272 386 179 242 427 459 504 324 433 242 487 323 432 358 564 403 234 403 397 298 309 426 312 390 404 308 501 271 509 190 327 355 427 537 521 265 393 467 370 265 383 226 240 339 234 512 273 426 519 552 673 261 381 213 331 360 478 377 347 475 524 242 500 435 468 338 488 594 318 461 506 296 358 347 315 356 405 326 269 418 386 346 384 440 175 254 341 155 425 576 286 489 339 545 460 446 444 392 499 276 393 306 289 398 475 362 243 249 441 514 305 288 423 383 366 258 300 332 139 257
368 338 260 430 307 267 398 575 397 416 208 501 370 299 299 429 483 236 374 289 489 200 384 318 365 401 418 339 417 267 155 385 450 310 224 284 721 325 404 261 194 460 348 358 402 585 305 459 444 304 275 498 213 485 282 399 278 462 355 346 417 384 305 282 405 390 344 356 557 388 296 294 201 586 290 518 414 546 348 414 366 494 474 309 255 393 474 444 383 202 270 430 444 318 604 368 366 599 290 352 472 374 502 288 306 443 445 308 417 426 396 583 516 323 388 499 409 447 197 335 190 363 319 328 320 466 449 241
401 382 429 520 361 488 471 689 455 315 221 721 432 419 424 525 466 301 684 272 658 316 245 390 573 301 389 443 250 443 237 311 404 439 437 479 439 397 259 267 429 349 432 406 512 256 306 322 461 374 474 395 324 216 344 404 420 636 502 233 430 354 402 471 439 477 425 349 300 462 293 334 470 677 320 461 523 228 258 377 306 329 404 243 343 399 301 326 290 433 410 424 378 238 279 207 319 722 367 505 285 389 466 505 468 525 672 374 560 448 615 507 391 214 362 464 303 230 429 308 296 438 603 371 544 499 523 301
419 428 316 219 283 353 162 457 250 399 274 369 235 431 438 308 607 315 591 265 601 474 515 550 346 291 387 318 294 258 251 153 359 339 162 265 511 436 424 305 272 487 367 359 343 391 275 281 553 294 521 305 436 420 171 296 349 546 248 123 390 374 489 278 236 233 200 504 244 418 317 462 376 552 440 427 505 399 354 194 501 482 232 312 464 407 294 387 259 258 302 469 488 227 315 298 235 257 326 467 117 467 256 218 441 389 517 334 404 332 293 428 298 384 420 505 403 235 368 347 295 411 401 274 380 382 315 383
598 366 497 325 420 446 549 472 374 440 344 532 211 316 641 360 680 429 520 278 474 565 545 304 601 506 434 504 321 376 275 259 513 475 269 356 729 381 569 414 458 470 499 414 411 623 322 384 619 369 311 339 374 402 287 524 486 352 495 421 447 327 373 363 669 491 435 499 699 443 293 381 455 545 436 534 473 432 439 369 491 366 293 444 487 445 210 595 676 232 530 654 538 408 451 222 317 326 422 634 267 549 487 312 281 489 696 421 363 317 553 436 363 298 491 623 484 438 439 359 343 388 328 216 509 514 637 534
411 302 178 246 252 363 419 368 282 276 286 446 403 351 499 334 573 278 329 335 442 264 463 372 293 392 452 152 491 449 298 240 471 404 429 401 555 344 361 240 206 586 505 395 407 501 282 292 580 297 260 441 390 336 354 526 386 271 585 291 407 306 440 300 300 418 332 485 494 356 327 428 366 375 469 395 509 422 352 317 346 213 342 308 247 332 328 415 507 255 204 413 475 161 589 355 382 347 218 434 567 566 377 429 320 338 398 288 363 440 327 303 425 211 340 357 399 403 400 444 309 363 329 297 349 452 370 340
376 301 186 517 263 216 323 526 329 417 291 530 485 467 476 421 501 365 530 344 567 346 376 295 294 521 533 303 362 328 237 405 597 293 388 532 357 432 510 264 385 622 579 459 229 377 321 348 491 445 454 297 252 469 266 423 338 328 615 418 615 511 320 402 557 343 397 384 473 298 386 368 351 590 491 574 556 637 358 356 447 353 479 496 617 371 346 492 455 174 423 459 469 354 355 259 387 304 398 201 377 416 348 302 339 395 526 389 391 291 519 408 471 423 350 477 512 113 490 415 300 275 417 466 509 557 551 381
362 333 257 332 224 428 236 439 237 200 212 549 429 321 403 432 352 275 350 300 419 274 276 333 369 141 312 300 228 218 285 305 338 206 366 333 474 256 231 428 225 234 426 227 452 303 335 308 396 199 367 179 205 103 368 193 304 508 363 159 239 303 267 193 308 260 325 220 512 237 65 274 223 196 275 176 391 292 213 263 285 272 278 214 301 395 123 285 191 398 263 378 266 162 290 100 247 381 283 317 406 444 285 306 219 404 383 253 356 215 441 422 236 266 293 410 187 254 183 175 281 180 363 172 418 248 193 244
375 170 367 468 338 324 367 434 434 279 221 553 395 318 517 519 364 353 402 215 386 344 461 373 283 540 416 320 415 349 192 430 267 431 399 249 426 509 269 367 367 465 372 435 411 474 420 376 580 320 481 318 193 203 279 396 227 502 455 401 592 296 228 324 382 419 272 534 551 410 272 354 350 490 344 545 606 293 289 249 325 289 400 396 383 473 207 486 472 326 443 486 558 229 322 334 364 359 247 293 279 402 444 441 412 293 479 390 538 395 361 583 428 446 273 333 242 263 321 384 210 660 443 325 542 441 352 335
351 352 289 450 156 241 381 453 274 556 187 434 328 276 442 375 376 182 589 368 366 358 372 346 313 329 491 347 517 131 207 220 342 169 264 359 401 219 315 320 278 395 485 412 385 338 139 399 504 373 464 488 257 324 373 444 299 467 439 86 349 311 288 303 348 187 289 425 433 421 272 321 446 580 441 427 499 445 219 267 423 380 186 474 494 449 410 378 286 218 260 333 431 190 246 212 368 260 358 350 213 524 207 334 344 363 477 270 217 251 340 260 459 290 360 263 407 188 425 323 179 467 286 276 276 330 297 287
370 417 244 322 405 300 221 498 358 521 432 407 285 301 310 264 436 320 321 370 438 437 409 649 172 354 646 206 247 486 336 235 372 332 267 408 538 327 407 352 344 466 345 291 371 412 258 250 502 240 235 332 324 368 131 531 380 438 392 236 253 323 565 229 363 472 453 512 373 334 361 545 390 440 560 407 328 255 453 263 437 246 237 278 393 268 357 457 371 137 236 360 356 155 557 225 339 324 235 382 275 600 291 300 473 233 469 192 259 284 450 272 392 370 383 510 257 288 381 304 265 303 243 264 502 468 343 358
480 253 299 177 219 212 197 317 504 426 137 337 206 292 329 298 482 209 439 190 434 278 400 101 276 329 275 282 191 408 311 184 367 284 162 255 417 385 322 235 389 376 259 449 192 365 270 287 385 403 336 323 312 275 179 257 584 355 272 223 555 329 327 246 318 373 202 234 426 318 200 104 279 490 264 291 360 285 259 392 138 323 304 262 373 379 297 313 307 396 285 190 435 329 306 182 215 284 280 193 182 261 377 356 442 293 406 248 333 111 360 401 264 111 380 372 306 234 252 259 299 198 287 183 204 306 319 291
562 353 423 493 322 409 479 602 364 475 450 589 420 425 418 545 548 442 635 391 663 598 528 479 419 597 433 439 309 488 275 284 420 434 308 494 619 543 421 355 280 789 474 467 424 525 332 394 567 306 399 370 303 306 383 377 349 583 439 187 516 422 460 392 450 411 448 528 392 383 253 533 498 474 352 379 453 524 289 210 628 438 431 327 314 395 384 420 502 329 360 585 559 272 514 310 418 537 356 695 382 419 361 320 444 271 528 290 438 399 374 523 427 381 426 592 401 460 451 411 249 461 480 329 562 598 428 395
425 441 332 339 331 451 356 425 406 457 288 665 357 442 182 353 615 414 618 509 433 346 339 273 413 298 456 413 475 423 165 159 610 329 347 542 556 476 357 322 429 361 455 508 293 331 178 532 489 295 327 594 269 266 348 266 238 513 404 298 318 416 286 512 627 451 306 492 525 201 129 470 323 592 497 499 453 432 341 323 345 373 424 341 290 455 361 469 297 351 303 186 323 250 590 364 299 260 372 484 326 424 435 488 520 344 644 487 591 358 253 495 489 255 286 408 427 168 233 332 458 270 377 423 505 349 230 486
249 498 303 414 363 296 394 393 319 443 317 447 241 371 333 377 378 283 382 394 465 371 590 405 309 253 473 292 243 380 185 189 439 409 358 242 652 410 263 287 285 606 192 320 449 321 192 280 506 471 274 449 302 367 229 388 198 449 543 266 315 304 406 342 416 402 401 375 525 334 481 534 365 415 237 456 479 361 497 188 319 275 264 402 163 317 368 602 321 200 268 567 451 331 478 171 311 443 365 346 330 462 374 289 285 275 533 281 458 376 379 409 381 265 390 210 213 284 263 324 197 485 357 440 514 609 442 461
637 342 251 418 216 456 143 408 397 383 214 422 377 475 409 578 697 364 274 402 553 308 486 323 284 304 454 348 233 353 410 335 498 430 324 378 568 431 392 462 225 444 358 422 457 458 500 518 436 335 479 294 303 157 154 328 458 690 325 364 470 379 365 234 517 314 431 392 587 466 235 460 362 241 407 455 412 292 451 403 431 311 444 411 378 492 260 356 392 455 319 281 495 274 308 243 355 352 434 312 233 633 368 385 490 480 653 239 385 197 419 561 331 467 339 422 220 340 258 464 288 280 283 242 584 425 369 394
540 356 385 390 223 227 426 404 260 424 320 548 252 366 460 492 382 441 394 329 405 451 416 385 234 543 456 452 392 420 234 172 327 350 185 424 557 753 319 325 383 471 393 482 349 416 239 399 446 195 341 498 329 395 402 512 473 386 383 418 569 354 273 339 541 403 384 510 381 451 199 349 426 413 395 477 451 330 413 277 445 294 514 288 324 436 343 353 556 399 390 315 228 301 431 442 372 324 231 478 395 581 395 369 377 361 383 377 674 486 437 318 393 379 304 565 257 449 234 348 328 253 167 308 607 502 280 459
202 266 172 266 141 207 369 377 284 190 133 471 442 385 257 373 215 310 263 419 522 209 362 277 201 218 196 410 201 227 263 242 166 234 319 177 183 182 131 253 200 437 312 315 206 296 227 263 363 329 221 245 326 202 281 203 229 392 347 168 243 283 129 318 417 282 410 196 289 361 274 294 236 154 234 296 402 348 203 211 151 132 381 310 281 304 146 376 242 270 203 317 360 132 296 39 264 126 260 181 345 351 249 274 227 356 301 224 159 276 331 312 175 193 296 294 236 163 142 74 197 258 223 167 466 414 326 229
382 395 313 306 248 203 441 417 419 456 300 493 254 498 419 522 427 350 374 300 495 321 408 179 349 357 228 407 172 460 307 248 517 373 411 469 578 379 321 254 433 376 413 373 436 401 287 315 496 439 286 475 509 413 356 497 556 448 455 325 333 398 370 225 404 398 388 319 574 394 278 355 482 574 317 456 338 369 350 383 333 512 293 431 442 328 381 428 323 342 233 371 308 133 204 278 347 346 325 437 465 564 434 299 352 225 535 458 438 296 436 368 505 232 210 374 456 381 282 240 339 426 350 387 484 216 300 724
438 286 274 663 388 341 377 443 534 327 220 376 716 326 574 529 532 246 647 433 595 219 553 268 451 435 534 321 204 437 234 271 461 172 256 478 591 518 461 243 312 452 541 371 141 433 485 248 522 212 366 404 301 352 397 476 514 531 712 228 596 388 284 313 270 507 314 558 395 439 283 415 250 377 456 332 427 365 457 326 310 409 514 349 404 370 219 343 301 294 430 407 484 402 461 164 394 545 431 453 289 427 273 465 306 241 471 335 421 471 458 501 530 277 420 384 437 418 385 347 321 330 458 430 386 532 176 338
367 361 289 258 171 391 235 260 571 405 399 610 360 264 468 263 446 334 510 464 444 367 518 417 262 376 461 321 457 237 305 214 394 409 296 407 457 336 469 295 407 564 407 335 345 369 272 223 435 135 363 366 179 244 298 544 521 304 396 386 270 289 285 244 229 397 380 471 507 297 235 444 408 380 600 421 408 487 154 181 351 405 286 121 466 320 285 457 450 408 372 391 319 203 514 472 340 396 218 571 315 692 432 294 453 293 562 333 448 334 209 369 334 244 371 504 386 443 208 379 169 403 372 116 409 498 308 437
406 250 367 499 343 374 334 536 469 546 302 617 468 327 549 443 502 250 506 377 478 428 478 275 333 575 573 521 309 273 175 225 352 281 459 503 720 392 196 260 327 423 450 381 285 413 314 465 503 175 410 250 233 382 328 459 433 369 302 349 552 281 192 318 361 423 390 434 396 411 180 283 428 428 387 368 505 555 149 410 422 506 272 312 363 529 410 354 338 418 398 285 666 411 425 215 224 480 221 586 362 270 287 324 411 410 385 219 363 182 444 581 438 332 455 478 286 490 300 390 285 280 384 294 457 363 424 361
431 342 409 540 308 426 451 556 482 480 386 856 484 500 301 366 596 414 674 609 597 610 340 431 346 444 578 492 488 572 257 408 522 364 518 564 621 445 514 448 431 522 626 585 524 615 157 297 625 319 283 415 367 501 341 533 392 484 564 512 471 439 316 460 634 373 496 538 779 511 379 441 495 814 532 582 466 575 469 351 307 375 478 464 501 460 372 704 374 445 483 486 294 251 470 457 489 388 374 605 505 640 618 433 495 745 777 473 662 570 725 695 591 522 558 574 482 449 349 357 358 590 408 482 646 532 617 532
269 397 341 478 151 295 454 483 260 206 246 465 620 315 484 320 372 327 598 323 539 256 418 338 304 388 367 244 237 274 249 267 277 303 255 295 480 458 271 312 281 316 452 279 386 285 357 213 297 223 369 318 140 151 385 368 511 489 426 275 444 325 297 269 359 497 445 307 293 326 214 357 365 420 263 347 386 479 340 383 381 408 495 310 356 381 287 365 282 331 478 440 419 267 349 273 323 426 401 544 276 546 385 186 373 379 412 287 376 445 373 435 243 182 321 377 383 280 274 296 271 384 449 359 342 425 422 363
539 496 397 498 437 398 447 591 361 207 257 436 437 416 577 433 601 307 487 400 599 216 485 386 396 251 511 352 402 325 210 256 386 254 399 429 664 246 318 424 261 361 587 372 346 538 320 404 491 318 515 500 505 479 219 429 606 514 449 307 371 404 623 336 376 403 438 410 425 414 509 407 393 595 511 499 426 602 579 301 430 524 506 334 495 379 526 451 158 263 391 514 406 191 383 384 402 525 461 478 299 561 471 450 506 348 319 331 379 448 411 500 362 477 512 307 510 379 270 455 372 561 360 244 303 641 467 304
535 465 407 357 323 324 470 481 274 302 372 848 415 416 517 294 628 532 446 359 337 528 404 368 384 269 369 380 401 346 112 369 420 308 502 411 467 441 411 393 501 409 393 263 330 301 388 317 429 301 351 459 282 196 369 491 534 414 358 308 492 407 397 235 507 477 355 437 457 249 332 478 361 581 360 308 524 442 430 513 343 239 495 324 598 395 261 385 367 532 611 496 481 234 269 220 332 348 275 452 375 374 186 325 294 382 438 301 359 250 543 377 390 291 392 707 242 292 183 408 417 328 238 274 520 461 376 411
318 516 221 446 312 378 485 335 338 420 273 397 535 306 291 341 411 338 556 362 591 367 544 361 463 295 533 375 358 367 364 333 416 352 184 401 793 392 458 328 232 526 425 331 473 359 392 370 421 347 316 300 298 309 163 310 469 584 441 194 236 351 316 271 327 337 355 500 492 277 256 503 315 576 430 551 407 316 227 353 513 308 317 324 357 399 539 610 271 457 331 550 464 238 425 284 152 472 424 430 303 606 416 240 477 507 770 297 449 370 420 376 409 146 443 493 537 286 286 250 343 370 316 261 369 526 453 365
243 261 146 327 242 300 190 299 276 269 320 215 304 231 284 253 357 270 341 224 309 280 344 402 346 233 258 212 378 119 191 322 301 191 159 179 441 247 350 331 375 307 216 200 246 315 185 246 381 188 247 285 246 322 257 234 150 285 354 145 345 202 311 172 131 89 95 255 402 356 235 328 279 265 354 248 437 258 368 167 320 246 256 197 280 214 37 384 130 84 376 377 295 36 336 179 246 295 279 299 190 359 246 312 190 283 296 377 310 241 282 350 371 196 200 186 318 206 137 280 121 248 263 284 252 211 331 287
361 373 389 550 364 474 280 366 362 490 231 467 307 430 344 533 303 271 485 485 346 174 653 442 381 231 473 368 239 383 413 379 395 307 403 305 641 291 310 449 344 423 282 354 418 532 363 410 428 224 290 412 259 275 168 391 403 491 321 242 452 277 394 376 644 438 416 400 618 288 185 383 435 510 329 432 543 370 264 348 385 301 364 171 208 329 224 456 351 357 526 556 456 398 425 128 279 345 292 485 213 371 402 476 319 300 473 216 404 418 507 443 242 181 391 376 329 265 287 171 233 300 298 371 516 528 451 373
